# Autocorrelation, step size=0.5000 
# 
1.000000
0.954383
0.911604
0.869906
0.831410
0.795229
0.761021
0.728468
0.696743
0.665706
0.636526
0.608929
0.579702
0.552328
0.526132
0.501421
0.479745
0.461354
0.443727
0.427141
0.412027
0.397618
0.384433
0.370005
0.356769
0.343928
0.331105
0.318155
0.304035
0.290132
0.276682
0.266453
0.256736
0.246935
0.237322
0.226742
0.216787
0.207984
0.200036
0.192016
0.183408
0.176077
0.168107
0.160297
0.152553
0.144906
0.137895
0.130928
0.124713
0.116928
0.110421
0.105192
0.101082
0.097271
0.092873
0.088674
0.085390
0.083115
0.080560
0.076698
0.074264
0.070136
0.066260
0.064009
0.062573
0.060670
0.057675
0.054924
0.051772
0.050680
0.049206
0.045240
0.041043
0.036368
0.030362
0.025224
0.020639
0.016854
0.012974
0.007883
0.003323
-0.000330
-0.003323
-0.006880
-0.011179
-0.014257
-0.017474
-0.020324
-0.022914
-0.024396
-0.024915
-0.024895
-0.024655
-0.023995
-0.023570
-0.024043
-0.025722
-0.028101
-0.031493
-0.034519
