# Autocorrelation, step size=0.2500 
# 
1.000000
0.988683
0.977339
0.966056
0.954844
0.943387
0.931953
0.920260
0.908262
0.896989
0.886050
0.875757
0.865104
0.854784
0.844537
0.834521
0.824782
0.815395
0.806386
0.797654
0.789175
0.780958
0.772959
0.765099
0.757153
0.749184
0.741436
0.733988
0.726218
0.718443
0.710745
0.703185
0.695663
0.688194
0.680540
0.673161
0.665987
0.658764
0.651307
0.643459
0.635721
0.628422
0.621292
0.614616
0.608195
0.602058
0.596257
0.590841
0.585725
0.580912
0.576251
0.571594
0.566821
0.561958
0.557278
0.552378
0.547038
0.541482
0.536415
0.531194
0.526498
0.521706
0.516823
0.512235
0.507408
0.502775
0.497854
0.493117
0.488150
0.483109
0.477689
0.471965
0.466163
0.460359
0.454711
0.449119
0.443742
0.438551
0.433593
0.428954
0.424198
0.419593
0.415093
0.410283
0.405194
0.400054
0.394844
0.389677
0.384872
0.380343
0.376003
0.371953
0.367871
0.363834
0.359671
0.355564
0.351494
0.347355
0.343131
0.339132
