# Autocorrelation, step size=0.7500 
# 
1.000000
0.904627
0.820885
0.746988
0.679299
0.619980
0.569152
0.517815
0.471793
0.430578
0.394280
0.362371
0.335141
0.309252
0.283818
0.259060
0.236626
0.215019
0.193371
0.173736
0.158081
0.142728
0.129510
0.119511
0.112902
0.107242
0.102012
0.096585
0.091849
0.084683
0.074547
0.063219
0.057027
0.049459
0.041426
0.034852
0.031217
0.029297
0.028842
0.028705
0.029833
0.029279
0.028857
0.027011
0.025614
0.021080
0.022702
0.021511
0.019987
0.018689
0.019091
0.020079
0.024050
0.027268
0.023907
0.022944
0.022189
0.017046
0.016452
0.015992
0.017464
0.017603
0.017511
0.015855
0.017497
0.019231
0.020307
0.025508
0.027868
0.030002
0.032091
0.034627
0.037063
0.042623
0.045478
0.046626
0.049877
0.050207
0.054233
0.054703
0.056788
0.056264
0.055337
0.051720
0.043867
0.037081
0.033139
0.027632
0.023622
0.020355
0.018463
0.018800
0.016075
0.016043
0.014961
0.016413
0.014967
0.018144
0.020068
0.021788
