  5.56526473
  4.89033308
  2.83578074
  4.42995012
  4.00976814
  5.16807901
  5.07369958
  4.84722178
  5.61556283
  4.32859579
  4.99025464
  4.62327861
  5.50225073
  6.08606718
  5.06126788
  5.35189293
  4.20010760
  4.22680732
  4.56419136
  6.10997983
  7.02262549
  4.84943464
  5.52204638
  3.45016270
  2.92721967
  5.56328508
  4.15544515
  3.74029915
  4.75304990
  3.80469152
  3.41310716
  4.87646546
  4.39205862
  4.80639273
  6.94549906
  5.13443076
  4.62464449
  4.94682703
  5.32573439
  3.46884329
  4.04767928
  3.96748098
  5.32514877
  4.76425539
  3.86145953
  3.49761142
  4.56432349
  5.81765727
  4.60426267
  6.46068065
  5.23597273
  4.56854413
  3.49587304
  4.11859737
  5.03874143
  4.30411616
  5.20945263
  3.09228463
  2.74368000
  3.90085527
  5.28222948
  5.11368985
  5.68495171
  4.21278123
  3.81070802
  3.63602882
  4.85337770
  4.74958159
  6.04126314
  3.72007931
  5.12466703
  5.82152959
  3.72043458
  4.28535579
  3.81249221
  5.56819814
  4.55116131
  4.57582774
  6.16102929
  5.23444845
  5.59690037
  4.42702337
  5.57281677
  3.73981404
  4.05926800
  5.27924993
  5.00525657
  4.49048261
  4.02842495
  4.72164599
  4.81155226
  5.45086848
  5.10944543
  4.43549255
  3.80270068
  4.41461468
  7.08328175
  4.54685879
  5.15475097
  5.15649817
  6.18993068
  4.10471849
  5.45416388
  5.68640742
  5.40506948
  5.31681461
  4.88304084
  4.84416070
  5.26417580
  5.25818808
  4.96147056
  4.59426717
  3.34620712
  4.41016753
  5.25314070
  4.03841343
  6.10611515
  6.55086707
  6.37705869
  5.97856161
  5.45593066
  5.51944056
  7.26746258
  4.89980537
  6.30837725
  6.05149847
  4.66512262
  3.92272892
  3.05318350
  4.82149086
  2.26823318
  4.86538572
  4.96124170
  5.43803056
  5.17636959
  5.02054012
  6.46811065
  3.78540755
  6.51699803
  5.16064893
  4.05907050
  5.26751928
  4.71161263
  4.08980282
  3.79325385
  3.51587871
  5.87500847
  5.64772242
  3.73051638
  4.76379845
  4.99037419
  4.71335065
  4.08683452
  4.91998039
  5.83423212
  5.11583043
  5.18169532
  3.17429361
  4.69437462
  4.48881296
  4.41666941
  5.39371647
  4.95739845
  4.85740587
  6.00896705
  4.84381590
  4.49048805
  5.18540540
  4.02075544
  4.38298657
  5.35837582
  5.11502571
  5.28874072
  4.24273433
  4.37421777
  5.17566684
  4.49348456
  3.39988478
  4.21343201
  4.45950583
  6.23007645
  5.27949977
  4.77012711
  5.10199569
  6.64156603
  5.74317594
  4.02914779
  7.15337288
  3.90285559
  6.41818039
  4.56272899
  4.99947029
  5.77898662
  4.81951082
  6.16411280
  4.55686423
  4.74772551
  6.58947890
  6.58623488
  6.02576732
  7.06163884
  5.16321254
  4.03701898
  4.70136644
  4.94952161
  3.90213525
  6.29478086
  3.67114434
  6.23714464
  4.95738255
  6.06624690
  4.85062642
  7.60605229
  4.27203662
  3.96908685
  3.61599675
  2.77473495
  4.98713287
  5.60851909
  6.27728677
  4.98032463
  4.78373572
  4.28437966
  6.38541601
  4.58317664
  4.95742706
  5.95003192
  3.45722044
  4.77121194
  5.14936027
  3.42891170
  4.59866345
  5.12074702
  4.00678494
  4.91813365
  4.86451177
  4.53211795
  5.33930522
  5.70858635
  4.80085972
  3.88820404
  5.23584426
  6.21273728
  5.14122566
  5.52387023
  5.24975903
  4.03245743
  5.24396578
  5.27886051
  5.35725918
