# Averages varying with time steps
#  time		KE		PE		TE		Pr
0.000		0.3189		-2.8386		-2.5197		0.1051
0.005		0.3190		-2.8387		-2.5197		0.1052
0.010		0.3194		-2.8391		-2.5197		0.1053
0.015		0.3201		-2.8397		-2.5197		0.1056
0.020		0.3210		-2.8407		-2.5197		0.1059
0.025		0.3222		-2.8418		-2.5197		0.1064
0.030		0.3236		-2.8433		-2.5196		0.1069
0.035		0.3254		-2.8450		-2.5196		0.1075
0.040		0.3273		-2.8470		-2.5196		0.1083
0.045		0.3296		-2.8492		-2.5196		0.1091
0.050		0.3321		-2.8517		-2.5196		0.1100
0.055		0.3348		-2.8545		-2.5196		0.1111
0.060		0.3378		-2.8575		-2.5196		0.1122
0.065		0.3411		-2.8607		-2.5196		0.1134
0.070		0.3446		-2.8642		-2.5196		0.1147
0.075		0.3483		-2.8680		-2.5196		0.1161
0.080		0.3523		-2.8719		-2.5196		0.1175
0.085		0.3565		-2.8761		-2.5196		0.1191
0.090		0.3609		-2.8805		-2.5196		0.1207
0.095		0.3655		-2.8851		-2.5197		0.1224
0.100		0.3702		-2.8899		-2.5197		0.1242
0.105		0.3751		-2.8948		-2.5197		0.1260
0.110		0.3801		-2.8999		-2.5197		0.1279
0.115		0.3852		-2.9050		-2.5198		0.1298
0.120		0.3903		-2.9102		-2.5198		0.1317
0.125		0.3955		-2.9153		-2.5199		0.1337
0.130		0.4005		-2.9205		-2.5199		0.1356
0.135		0.4055		-2.9255		-2.5200		0.1375
0.140		0.4103		-2.9304		-2.5201		0.1393
0.145		0.4149		-2.9351		-2.5202		0.1411
0.150		0.4192		-2.9395		-2.5203		0.1427
0.155		0.4231		-2.9435		-2.5204		0.1443
0.160		0.4266		-2.9471		-2.5205		0.1457
0.165		0.4295		-2.9502		-2.5207		0.1469
0.170		0.4320		-2.9528		-2.5208		0.1479
0.175		0.4339		-2.9549		-2.5210		0.1488
0.180		0.4353		-2.9564		-2.5211		0.1494
0.185		0.4360		-2.9573		-2.5213		0.1499
0.190		0.4363		-2.9577		-2.5214		0.1501
0.195		0.4360		-2.9575		-2.5216		0.1502
0.200		0.4353		-2.9570		-2.5217		0.1501
0.205		0.4342		-2.9560		-2.5218		0.1499
0.210		0.4328		-2.9548		-2.5220		0.1496
0.215		0.4312		-2.9533		-2.5221		0.1493
0.220		0.4295		-2.9517		-2.5222		0.1488
0.225		0.4277		-2.9501		-2.5224		0.1484
0.230		0.4260		-2.9485		-2.5225		0.1480
0.235		0.4245		-2.9471		-2.5226		0.1476
0.240		0.4231		-2.9458		-2.5227		0.1474
0.245		0.4221		-2.9449		-2.5228		0.1472
0.250		0.4214		-2.9444		-2.5229		0.1471
0.255		0.4212		-2.9442		-2.5230		0.1472
0.260		0.4215		-2.9445		-2.5231		0.1475
0.265		0.4222		-2.9454		-2.5231		0.1480
0.270		0.4236		-2.9468		-2.5232		0.1486
0.275		0.4256		-2.9489		-2.5232		0.1495
0.280		0.4283		-2.9516		-2.5232		0.1506
0.285		0.4317		-2.9549		-2.5233		0.1520
0.290		0.4356		-2.9589		-2.5233		0.1535
0.295		0.4400		-2.9633		-2.5233		0.1552
0.300		0.4448		-2.9681		-2.5234		0.1571
0.305		0.4498		-2.9732		-2.5234		0.1590
0.310		0.4550		-2.9784		-2.5235		0.1610
0.315		0.4602		-2.9837		-2.5235		0.1630
0.320		0.4653		-2.9889		-2.5236		0.1649
0.325		0.4703		-2.9940		-2.5237		0.1669
0.330		0.4752		-2.9989		-2.5237		0.1687
0.335		0.4798		-3.0036		-2.5238		0.1704
0.340		0.4841		-3.0080		-2.5238		0.1721
0.345		0.4882		-3.0121		-2.5239		0.1737
0.350		0.4920		-3.0160		-2.5239		0.1751
0.355		0.4956		-3.0196		-2.5240		0.1765
0.360		0.4990		-3.0230		-2.5240		0.1778
0.365		0.5022		-3.0262		-2.5240		0.1790
0.370		0.5055		-3.0295		-2.5240		0.1803
0.375		0.5088		-3.0327		-2.5239		0.1815
0.380		0.5123		-3.0361		-2.5239		0.1828
0.385		0.5159		-3.0398		-2.5238		0.1842
0.390		0.5199		-3.0436		-2.5238		0.1857
0.395		0.5240		-3.0477		-2.5237		0.1872
0.400		0.5283		-3.0519		-2.5237		0.1888
0.405		0.5327		-3.0563		-2.5236		0.1904
0.410		0.5371		-3.0606		-2.5236		0.1921
0.415		0.5414		-3.0649		-2.5235		0.1937
0.420		0.5456		-3.0691		-2.5235		0.1952
0.425		0.5495		-3.0730		-2.5235		0.1966
0.430		0.5531		-3.0767		-2.5235		0.1980
0.435		0.5564		-3.0799		-2.5235		0.1992
0.440		0.5593		-3.0829		-2.5235		0.2003
0.445		0.5619		-3.0854		-2.5235		0.2013
0.450		0.5641		-3.0876		-2.5235		0.2021
0.455		0.5660		-3.0895		-2.5235		0.2028
0.460		0.5678		-3.0912		-2.5235		0.2035
0.465		0.5695		-3.0929		-2.5234		0.2041
0.470		0.5712		-3.0946		-2.5233		0.2048
0.475		0.5732		-3.0965		-2.5232		0.2056
0.480		0.5756		-3.0987		-2.5231		0.2065
0.485		0.5783		-3.1013		-2.5230		0.2075
0.490		0.5815		-3.1044		-2.5229		0.2087
0.495		0.5850		-3.1078		-2.5228		0.2100
0.500		0.5887		-3.1115		-2.5228		0.2114
0.505		0.5926		-3.1153		-2.5227		0.2128
0.510		0.5963		-3.1190		-2.5227		0.2141
0.515		0.5996		-3.1223		-2.5227		0.2154
0.520		0.6023		-3.1251		-2.5228		0.2164
0.525		0.6043		-3.1271		-2.5229		0.2172
0.530		0.6053		-3.1283		-2.5229		0.2176
0.535		0.6054		-3.1284		-2.5230		0.2177
0.540		0.6045		-3.1276		-2.5231		0.2174
0.545		0.6028		-3.1260		-2.5231		0.2169
0.550		0.6006		-3.1237		-2.5231		0.2162
0.555		0.5980		-3.1210		-2.5231		0.2153
0.560		0.5953		-3.1183		-2.5230		0.2144
0.565		0.5927		-3.1156		-2.5229		0.2135
0.570		0.5903		-3.1132		-2.5229		0.2128
0.575		0.5881		-3.1109		-2.5228		0.2120
0.580		0.5862		-3.1089		-2.5227		0.2114
0.585		0.5843		-3.1070		-2.5227		0.2108
0.590		0.5825		-3.1051		-2.5226		0.2102
0.595		0.5810		-3.1035		-2.5225		0.2097
0.600		0.5798		-3.1022		-2.5224		0.2093
0.605		0.5792		-3.1015		-2.5223		0.2092
0.610		0.5794		-3.1015		-2.5221		0.2093
0.615		0.5806		-3.1025		-2.5219		0.2097
0.620		0.5830		-3.1047		-2.5217		0.2106
0.625		0.5866		-3.1081		-2.5215		0.2119
0.630		0.5912		-3.1125		-2.5214		0.2136
0.635		0.5967		-3.1179		-2.5212		0.2156
0.640		0.6028		-3.1239		-2.5212		0.2178
0.645		0.6092		-3.1303		-2.5211		0.2201
0.650		0.6157		-3.1367		-2.5211		0.2224
0.655		0.6218		-3.1429		-2.5211		0.2246
0.660		0.6272		-3.1484		-2.5212		0.2266
0.665		0.6319		-3.1531		-2.5212		0.2282
0.670		0.6355		-3.1568		-2.5213		0.2295
0.675		0.6379		-3.1593		-2.5214		0.2304
0.680		0.6392		-3.1607		-2.5215		0.2309
0.685		0.6394		-3.1609		-2.5215		0.2310
0.690		0.6387		-3.1603		-2.5215		0.2308
0.695		0.6374		-3.1588		-2.5215		0.2303
0.700		0.6356		-3.1570		-2.5214		0.2297
0.705		0.6338		-3.1550		-2.5213		0.2291
0.710		0.6323		-3.1533		-2.5211		0.2285
0.715		0.6313		-3.1522		-2.5209		0.2282
0.720		0.6311		-3.1518		-2.5206		0.2281
0.725		0.6319		-3.1523		-2.5204		0.2284
0.730		0.6337		-3.1539		-2.5202		0.2291
0.735		0.6366		-3.1566		-2.5200		0.2301
0.740		0.6404		-3.1602		-2.5198		0.2315
0.745		0.6449		-3.1645		-2.5196		0.2331
0.750		0.6499		-3.1694		-2.5195		0.2348
0.755		0.6552		-3.1746		-2.5194		0.2367
0.760		0.6606		-3.1799		-2.5193		0.2387
0.765		0.6659		-3.1851		-2.5192		0.2405
0.770		0.6710		-3.1901		-2.5191		0.2424
0.775		0.6759		-3.1948		-2.5189		0.2441
0.780		0.6805		-3.1993		-2.5188		0.2457
0.785		0.6848		-3.2034		-2.5186		0.2472
0.790		0.6889		-3.2073		-2.5184		0.2487
0.795		0.6927		-3.2110		-2.5182		0.2501
0.800		0.6963		-3.2144		-2.5180		0.2513
0.805		0.6995		-3.2174		-2.5179		0.2525
0.810		0.7022		-3.2199		-2.5177		0.2534
0.815		0.7044		-3.2219		-2.5175		0.2542
0.820		0.7058		-3.2232		-2.5174		0.2547
0.825		0.7065		-3.2237		-2.5172		0.2550
0.830		0.7065		-3.2236		-2.5170		0.2550
0.835		0.7060		-3.2228		-2.5168		0.2548
0.840		0.7050		-3.2217		-2.5166		0.2544
0.845		0.7038		-3.2202		-2.5164		0.2540
0.850		0.7026		-3.2187		-2.5161		0.2536
0.855		0.7014		-3.2173		-2.5159		0.2532
0.860		0.7003		-3.2159		-2.5157		0.2528
0.865		0.6994		-3.2148		-2.5154		0.2525
0.870		0.6987		-3.2139		-2.5152		0.2523
0.875		0.6980		-3.2130		-2.5150		0.2520
0.880		0.6973		-3.2122		-2.5149		0.2518
0.885		0.6965		-3.2112		-2.5147		0.2515
0.890		0.6955		-3.2101		-2.5146		0.2512
0.895		0.6942		-3.2086		-2.5145		0.2508
0.900		0.6926		-3.2069		-2.5144		0.2502
0.905		0.6908		-3.2050		-2.5142		0.2496
0.910		0.6889		-3.2030		-2.5141		0.2489
0.915		0.6870		-3.2009		-2.5140		0.2483
0.920		0.6852		-3.1990		-2.5139		0.2477
0.925		0.6835		-3.1973		-2.5138		0.2471
0.930		0.6820		-3.1957		-2.5137		0.2466
0.935		0.6805		-3.1941		-2.5136		0.2461
0.940		0.6790		-3.1926		-2.5136		0.2456
0.945		0.6774		-3.1910		-2.5136		0.2450
0.950		0.6758		-3.1893		-2.5135		0.2445
0.955		0.6744		-3.1879		-2.5135		0.2440
0.960		0.6736		-3.1870		-2.5133		0.2438
0.965		0.6737		-3.1869		-2.5132		0.2438
0.970		0.6750		-3.1880		-2.5130		0.2443
0.975		0.6777		-3.1905		-2.5128		0.2453
0.980		0.6817		-3.1943		-2.5126		0.2468
0.985		0.6865		-3.1991		-2.5126		0.2485
0.990		0.6916		-3.2043		-2.5126		0.2504
0.995		0.6964		-3.2092		-2.5128		0.2521
1.000		0.7003		-3.2133		-2.5130		0.2535
1.005		0.7028		-3.2160		-2.5132		0.2544
1.010		0.7037		-3.2172		-2.5135		0.2548
1.015		0.7030		-3.2168		-2.5138		0.2546
1.020		0.7010		-3.2150		-2.5140		0.2539
1.025		0.6986		-3.2127		-2.5141		0.2531
1.030		0.6968		-3.2108		-2.5140		0.2525
1.035		0.6971		-3.2108		-2.5137		0.2526
1.040		0.7007		-3.2140		-2.5133		0.2539
1.045		0.7081		-3.2210		-2.5130		0.2565
1.050		0.7186		-3.2314		-2.5128		0.2603
1.055		0.7310		-3.2439		-2.5129		0.2648
1.060		0.7439		-3.2569		-2.5130		0.2694
1.065		0.7561		-3.2693		-2.5132		0.2738
1.070		0.7667		-3.2801		-2.5134		0.2776
1.075		0.7755		-3.2889		-2.5135		0.2807
1.080		0.7822		-3.2957		-2.5135		0.2832
1.085		0.7869		-3.3005		-2.5136		0.2849
1.090		0.7898		-3.3034		-2.5135		0.2860
1.095		0.7911		-3.3046		-2.5135		0.2865
1.100		0.7911		-3.3044		-2.5134		0.2865
1.105		0.7900		-3.3032		-2.5132		0.2861
1.110		0.7880		-3.3011		-2.5131		0.2855
1.115		0.7855		-3.2984		-2.5129		0.2846
1.120		0.7826		-3.2954		-2.5128		0.2836
1.125		0.7795		-3.2922		-2.5127		0.2826
1.130		0.7764		-3.2889		-2.5125		0.2815
1.135		0.7734		-3.2858		-2.5124		0.2805
1.140		0.7711		-3.2833		-2.5122		0.2797
1.145		0.7697		-3.2817		-2.5120		0.2793
1.150		0.7698		-3.2815		-2.5117		0.2793
1.155		0.7715		-3.2830		-2.5115		0.2800
1.160		0.7748		-3.2861		-2.5113		0.2812
1.165		0.7793		-3.2905		-2.5112		0.2828
1.170		0.7844		-3.2956		-2.5112		0.2847
1.175		0.7896		-3.3008		-2.5112		0.2865
1.180		0.7943		-3.3055		-2.5113		0.2882
1.185		0.7979		-3.3093		-2.5114		0.2895
1.190		0.8002		-3.3117		-2.5115		0.2904
1.195		0.8010		-3.3126		-2.5116		0.2907
1.200		0.8003		-3.3120		-2.5116		0.2904
1.205		0.7982		-3.3098		-2.5117		0.2897
1.210		0.7947		-3.3064		-2.5117		0.2885
1.215		0.7902		-3.3019		-2.5116		0.2869
1.220		0.7850		-3.2965		-2.5116		0.2851
1.225		0.7793		-3.2908		-2.5115		0.2831
1.230		0.7736		-3.2849		-2.5113		0.2810
1.235		0.7681		-3.2793		-2.5111		0.2791
1.240		0.7634		-3.2743		-2.5109		0.2774
1.245		0.7596		-3.2703		-2.5107		0.2761
1.250		0.7572		-3.2675		-2.5104		0.2752
1.255		0.7562		-3.2663		-2.5101		0.2749
1.260		0.7567		-3.2665		-2.5099		0.2751
1.265		0.7585		-3.2682		-2.5097		0.2758
1.270		0.7616		-3.2711		-2.5095		0.2768
1.275		0.7656		-3.2749		-2.5093		0.2783
1.280		0.7702		-3.2795		-2.5092		0.2799
1.285		0.7754		-3.2845		-2.5091		0.2817
1.290		0.7808		-3.2898		-2.5090		0.2837
1.295		0.7862		-3.2951		-2.5089		0.2856
1.300		0.7915		-3.3004		-2.5088		0.2875
1.305		0.7965		-3.3053		-2.5088		0.2892
1.310		0.8008		-3.3096		-2.5087		0.2908
1.315		0.8045		-3.3131		-2.5087		0.2921
1.320		0.8073		-3.3159		-2.5086		0.2931
1.325		0.8093		-3.3179		-2.5085		0.2938
1.330		0.8107		-3.3191		-2.5084		0.2943
1.335		0.8115		-3.3197		-2.5083		0.2946
1.340		0.8120		-3.3201		-2.5081		0.2948
1.345		0.8126		-3.3204		-2.5078		0.2950
1.350		0.8135		-3.3211		-2.5076		0.2953
1.355		0.8149		-3.3222		-2.5073		0.2958
1.360		0.8170		-3.3240		-2.5069		0.2965
1.365		0.8199		-3.3265		-2.5066		0.2976
1.370		0.8234		-3.3298		-2.5064		0.2988
1.375		0.8274		-3.3335		-2.5061		0.3003
1.380		0.8317		-3.3376		-2.5059		0.3018
1.385		0.8360		-3.3417		-2.5057		0.3033
1.390		0.8401		-3.3456		-2.5055		0.3048
1.395		0.8436		-3.3490		-2.5054		0.3060
1.400		0.8465		-3.3518		-2.5052		0.3071
1.405		0.8488		-3.3539		-2.5051		0.3079
1.410		0.8503		-3.3553		-2.5050		0.3084
1.415		0.8510		-3.3559		-2.5049		0.3087
1.420		0.8509		-3.3557		-2.5048		0.3087
1.425		0.8499		-3.3547		-2.5047		0.3083
1.430		0.8481		-3.3528		-2.5047		0.3077
1.435		0.8455		-3.3501		-2.5047		0.3068
1.440		0.8421		-3.3467		-2.5046		0.3056
1.445		0.8383		-3.3428		-2.5046		0.3042
1.450		0.8342		-3.3387		-2.5045		0.3028
1.455		0.8303		-3.3346		-2.5043		0.3014
1.460		0.8268		-3.3310		-2.5041		0.3002
1.465		0.8242		-3.3281		-2.5039		0.2993
1.470		0.8225		-3.3262		-2.5037		0.2987
1.475		0.8218		-3.3253		-2.5035		0.2984
1.480		0.8220		-3.3253		-2.5033		0.2985
1.485		0.8230		-3.3261		-2.5031		0.2989
1.490		0.8245		-3.3274		-2.5029		0.2994
1.495		0.8262		-3.3290		-2.5028		0.3000
1.500		0.8279		-3.3306		-2.5027		0.3006
1.505		0.8293		-3.3319		-2.5026		0.3011
1.510		0.8303		-3.3328		-2.5026		0.3015
1.515		0.8306		-3.3331		-2.5025		0.3016
1.520		0.8303		-3.3327		-2.5025		0.3015
1.525		0.8292		-3.3316		-2.5024		0.3011
1.530		0.8275		-3.3298		-2.5024		0.3005
1.535		0.8253		-3.3276		-2.5023		0.2997
1.540		0.8231		-3.3253		-2.5022		0.2990
1.545		0.8213		-3.3232		-2.5020		0.2983
1.550		0.8203		-3.3220		-2.5017		0.2980
1.555		0.8206		-3.3220		-2.5014		0.2980
1.560		0.8223		-3.3234		-2.5012		0.2987
1.565		0.8255		-3.3264		-2.5009		0.2998
1.570		0.8302		-3.3309		-2.5006		0.3015
1.575		0.8360		-3.3364		-2.5004		0.3036
1.580		0.8426		-3.3428		-2.5002		0.3059
1.585		0.8495		-3.3495		-2.5001		0.3084
1.590		0.8563		-3.3562		-2.4999		0.3108
1.595		0.8628		-3.3626		-2.4998		0.3131
1.600		0.8686		-3.3682		-2.4996		0.3152
1.605		0.8737		-3.3731		-2.4994		0.3170
1.610		0.8778		-3.3770		-2.4992		0.3185
1.615		0.8809		-3.3799		-2.4990		0.3196
1.620		0.8830		-3.3817		-2.4987		0.3203
1.625		0.8840		-3.3825		-2.4985		0.3207
1.630		0.8838		-3.3821		-2.4983		0.3207
1.635		0.8825		-3.3806		-2.4981		0.3202
1.640		0.8800		-3.3779		-2.4979		0.3193
1.645		0.8763		-3.3740		-2.4978		0.3180
1.650		0.8714		-3.3690		-2.4976		0.3163
1.655		0.8656		-3.3631		-2.4975		0.3143
1.660		0.8590		-3.3564		-2.4974		0.3120
1.665		0.8522		-3.3494		-2.4972		0.3096
1.670		0.8459		-3.3428		-2.4969		0.3073
1.675		0.8410		-3.3375		-2.4966		0.3056
1.680		0.8384		-3.3345		-2.4961		0.3047
1.685		0.8388		-3.3345		-2.4957		0.3048
1.690		0.8424		-3.3377		-2.4953		0.3061
1.695		0.8486		-3.3438		-2.4951		0.3084
1.700		0.8565		-3.3516		-2.4951		0.3112
1.705		0.8649		-3.3601		-2.4952		0.3142
1.710		0.8728		-3.3681		-2.4953		0.3170
1.715		0.8794		-3.3750		-2.4956		0.3194
1.720		0.8843		-3.3801		-2.4958		0.3211
1.725		0.8873		-3.3833		-2.4960		0.3222
1.730		0.8883		-3.3846		-2.4962		0.3226
1.735		0.8874		-3.3838		-2.4964		0.3223
1.740		0.8846		-3.3813		-2.4966		0.3213
1.745		0.8801		-3.3769		-2.4968		0.3197
1.750		0.8740		-3.3710		-2.4970		0.3176
1.755		0.8664		-3.3636		-2.4972		0.3149
1.760		0.8577		-3.3550		-2.4974		0.3118
1.765		0.8481		-3.3455		-2.4974		0.3084
1.770		0.8382		-3.3356		-2.4974		0.3049
1.775		0.8285		-3.3259		-2.4973		0.3015
1.780		0.8197		-3.3168		-2.4972		0.2984
1.785		0.8122		-3.3091		-2.4969		0.2958
1.790		0.8065		-3.3031		-2.4966		0.2937
1.795		0.8028		-3.2992		-2.4963		0.2925
1.800		0.8013		-3.2974		-2.4960		0.2920
1.805		0.8018		-3.2976		-2.4958		0.2921
1.810		0.8040		-3.2996		-2.4955		0.2929
1.815		0.8076		-3.3029		-2.4954		0.2942
1.820		0.8120		-3.3073		-2.4952		0.2958
1.825		0.8170		-3.3122		-2.4952		0.2975
1.830		0.8222		-3.3173		-2.4951		0.2994
1.835		0.8273		-3.3224		-2.4951		0.3012
1.840		0.8321		-3.3272		-2.4951		0.3029
1.845		0.8365		-3.3317		-2.4952		0.3044
1.850		0.8405		-3.3358		-2.4952		0.3058
1.855		0.8443		-3.3396		-2.4952		0.3072
1.860		0.8481		-3.3434		-2.4952		0.3085
1.865		0.8521		-3.3474		-2.4952		0.3099
1.870		0.8563		-3.3516		-2.4953		0.3114
1.875		0.8606		-3.3560		-2.4954		0.3129
1.880		0.8646		-3.3601		-2.4955		0.3143
1.885		0.8680		-3.3637		-2.4957		0.3155
1.890		0.8706		-3.3665		-2.4959		0.3164
1.895		0.8723		-3.3683		-2.4960		0.3170
1.900		0.8731		-3.3692		-2.4961		0.3172
1.905		0.8732		-3.3694		-2.4962		0.3173
1.910		0.8729		-3.3691		-2.4962		0.3172
1.915		0.8724		-3.3686		-2.4961		0.3170
1.920		0.8722		-3.3682		-2.4960		0.3169
1.925		0.8724		-3.3683		-2.4959		0.3170
1.930		0.8732		-3.3690		-2.4957		0.3173
1.935		0.8747		-3.3702		-2.4955		0.3178
1.940		0.8766		-3.3720		-2.4954		0.3185
1.945		0.8788		-3.3740		-2.4952		0.3193
1.950		0.8811		-3.3762		-2.4951		0.3201
1.955		0.8832		-3.3781		-2.4949		0.3208
1.960		0.8848		-3.3796		-2.4948		0.3214
1.965		0.8859		-3.3806		-2.4947		0.3218
1.970		0.8863		-3.3808		-2.4945		0.3219
1.975		0.8860		-3.3803		-2.4943		0.3218
1.980		0.8851		-3.3791		-2.4941		0.3215
1.985		0.8839		-3.3776		-2.4937		0.3211
1.990		0.8827		-3.3760		-2.4933		0.3207
1.995		0.8819		-3.3747		-2.4929		0.3204
2.000		0.8818		-3.3742		-2.4923		0.3204
2.005		0.8829		-3.3747		-2.4917		0.3208
2.010		0.8854		-3.3765		-2.4911		0.3216
2.015		0.8890		-3.3796		-2.4905		0.3229
2.020		0.8937		-3.3837		-2.4900		0.3246
2.025		0.8990		-3.3885		-2.4895		0.3265
2.030		0.9043		-3.3934		-2.4891		0.3284
2.035		0.9093		-3.3981		-2.4888		0.3302
2.040		0.9134		-3.4020		-2.4885		0.3317
2.045		0.9166		-3.4049		-2.4883		0.3328
2.050		0.9186		-3.4067		-2.4881		0.3335
2.055		0.9196		-3.4074		-2.4878		0.3339
2.060		0.9196		-3.4072		-2.4876		0.3339
2.065		0.9188		-3.4062		-2.4873		0.3336
2.070		0.9176		-3.4046		-2.4871		0.3332
2.075		0.9161		-3.4028		-2.4867		0.3327
2.080		0.9147		-3.4010		-2.4864		0.3322
2.085		0.9135		-3.3995		-2.4860		0.3318
2.090		0.9127		-3.3984		-2.4856		0.3315
2.095		0.9124		-3.3977		-2.4853		0.3314
2.100		0.9125		-3.3974		-2.4849		0.3315
2.105		0.9129		-3.3974		-2.4846		0.3316
2.110		0.9133		-3.3976		-2.4843		0.3318
2.115		0.9136		-3.3976		-2.4840		0.3319
2.120		0.9136		-3.3974		-2.4838		0.3319
2.125		0.9133		-3.3968		-2.4835		0.3318
2.130		0.9125		-3.3958		-2.4833		0.3316
2.135		0.9115		-3.3944		-2.4829		0.3312
2.140		0.9103		-3.3929		-2.4826		0.3309
2.145		0.9093		-3.3915		-2.4822		0.3305
2.150		0.9088		-3.3905		-2.4817		0.3304
2.155		0.9090		-3.3902		-2.4811		0.3305
2.160		0.9100		-3.3906		-2.4806		0.3309
2.165		0.9118		-3.3918		-2.4800		0.3315
2.170		0.9142		-3.3936		-2.4794		0.3324
2.175		0.9171		-3.3960		-2.4788		0.3335
2.180		0.9204		-3.3986		-2.4782		0.3347
2.185		0.9239		-3.4015		-2.4776		0.3360
2.190		0.9273		-3.4043		-2.4770		0.3372
2.195		0.9303		-3.4067		-2.4765		0.3384
2.200		0.9326		-3.4086		-2.4760		0.3392
2.205		0.9340		-3.4095		-2.4755		0.3398
2.210		0.9341		-3.4093		-2.4751		0.3399
2.215		0.9330		-3.4078		-2.4748		0.3395
2.220		0.9307		-3.4051		-2.4744		0.3387
2.225		0.9274		-3.4014		-2.4740		0.3376
2.230		0.9235		-3.3971		-2.4736		0.3363
2.235		0.9194		-3.3926		-2.4732		0.3348
2.240		0.9152		-3.3880		-2.4728		0.3334
2.245		0.9112		-3.3836		-2.4724		0.3320
2.250		0.9076		-3.3796		-2.4720		0.3307
2.255		0.9046		-3.3761		-2.4715		0.3297
2.260		0.9025		-3.3735		-2.4710		0.3290
2.265		0.9014		-3.3719		-2.4705		0.3286
2.270		0.9017		-3.3716		-2.4699		0.3287
2.275		0.9033		-3.3727		-2.4694		0.3293
2.280		0.9061		-3.3751		-2.4690		0.3303
2.285		0.9098		-3.3784		-2.4686		0.3317
2.290		0.9137		-3.3821		-2.4684		0.3331
2.295		0.9174		-3.3855		-2.4682		0.3344
2.300		0.9203		-3.3883		-2.4680		0.3354
2.305		0.9221		-3.3900		-2.4679		0.3361
2.310		0.9226		-3.3904		-2.4678		0.3363
2.315		0.9216		-3.3894		-2.4678		0.3359
2.320		0.9190		-3.3868		-2.4677		0.3350
2.325		0.9148		-3.3825		-2.4677		0.3335
2.330		0.9087		-3.3765		-2.4678		0.3314
2.335		0.9009		-3.3687		-2.4678		0.3286
2.340		0.8916		-3.3594		-2.4678		0.3253
2.345		0.8815		-3.3491		-2.4676		0.3217
2.350		0.8714		-3.3388		-2.4674		0.3181
2.355		0.8625		-3.3295		-2.4670		0.3149
2.360		0.8556		-3.3221		-2.4666		0.3125
2.365		0.8515		-3.3176		-2.4661		0.3110
2.370		0.8506		-3.3161		-2.4656		0.3107
2.375		0.8528		-3.3179		-2.4651		0.3114
2.380		0.8577		-3.3225		-2.4648		0.3132
2.385		0.8649		-3.3294		-2.4644		0.3157
2.390		0.8736		-3.3378		-2.4642		0.3188
2.395		0.8832		-3.3472		-2.4640		0.3222
2.400		0.8932		-3.3569		-2.4638		0.3257
2.405		0.9030		-3.3666		-2.4635		0.3292
2.410		0.9125		-3.3758		-2.4633		0.3326
2.415		0.9214		-3.3844		-2.4630		0.3357
2.420		0.9295		-3.3921		-2.4626		0.3386
2.425		0.9366		-3.3988		-2.4623		0.3411
2.430		0.9424		-3.4043		-2.4619		0.3431
2.435		0.9468		-3.4083		-2.4615		0.3447
2.440		0.9497		-3.4108		-2.4611		0.3457
2.445		0.9509		-3.4117		-2.4607		0.3461
2.450		0.9506		-3.4109		-2.4603		0.3460
2.455		0.9491		-3.4090		-2.4598		0.3455
2.460		0.9470		-3.4062		-2.4592		0.3447
2.465		0.9448		-3.4034		-2.4586		0.3439
2.470		0.9433		-3.4011		-2.4578		0.3434
2.475		0.9430		-3.4001		-2.4571		0.3433
2.480		0.9442		-3.4005		-2.4563		0.3437
2.485		0.9467		-3.4023		-2.4556		0.3447
2.490		0.9504		-3.4053		-2.4549		0.3460
2.495		0.9549		-3.4091		-2.4542		0.3476
2.500		0.9597		-3.4133		-2.4536		0.3493
2.505		0.9646		-3.4176		-2.4530		0.3511
2.510		0.9692		-3.4217		-2.4525		0.3527
2.515		0.9731		-3.4251		-2.4520		0.3541
2.520		0.9759		-3.4275		-2.4516		0.3552
2.525		0.9773		-3.4286		-2.4513		0.3557
2.530		0.9767		-3.4278		-2.4511		0.3555
2.535		0.9741		-3.4249		-2.4509		0.3546
2.540		0.9693		-3.4199		-2.4507		0.3529
2.545		0.9624		-3.4129		-2.4505		0.3505
2.550		0.9539		-3.4041		-2.4502		0.3475
2.555		0.9443		-3.3943		-2.4500		0.3441
2.560		0.9344		-3.3840		-2.4496		0.3406
2.565		0.9249		-3.3742		-2.4493		0.3372
2.570		0.9165		-3.3654		-2.4489		0.3343
2.575		0.9099		-3.3585		-2.4485		0.3320
2.580		0.9054		-3.3536		-2.4482		0.3304
2.585		0.9031		-3.3510		-2.4479		0.3296
2.590		0.9029		-3.3506		-2.4477		0.3295
2.595		0.9045		-3.3520		-2.4475		0.3301
2.600		0.9075		-3.3549		-2.4474		0.3312
2.605		0.9115		-3.3588		-2.4474		0.3326
2.610		0.9159		-3.3632		-2.4473		0.3342
2.615		0.9204		-3.3677		-2.4473		0.3358
2.620		0.9246		-3.3720		-2.4473		0.3373
2.625		0.9286		-3.3759		-2.4472		0.3388
2.630		0.9323		-3.3795		-2.4471		0.3401
2.635		0.9358		-3.3828		-2.4470		0.3413
2.640		0.9390		-3.3858		-2.4469		0.3425
2.645		0.9418		-3.3885		-2.4467		0.3435
2.650		0.9441		-3.3907		-2.4465		0.3443
2.655		0.9458		-3.3922		-2.4463		0.3449
2.660		0.9469		-3.3930		-2.4461		0.3453
2.665		0.9473		-3.3931		-2.4458		0.3455
2.670		0.9473		-3.3928		-2.4455		0.3455
2.675		0.9469		-3.3920		-2.4451		0.3454
2.680		0.9463		-3.3910		-2.4446		0.3451
2.685		0.9455		-3.3897		-2.4442		0.3449
2.690		0.9447		-3.3884		-2.4437		0.3446
2.695		0.9439		-3.3871		-2.4432		0.3443
2.700		0.9435		-3.3861		-2.4426		0.3442
2.705		0.9438		-3.3857		-2.4419		0.3443
2.710		0.9451		-3.3862		-2.4411		0.3447
2.715		0.9474		-3.3878		-2.4404		0.3456
2.720		0.9507		-3.3904		-2.4397		0.3467
2.725		0.9544		-3.3935		-2.4391		0.3481
2.730		0.9584		-3.3968		-2.4385		0.3495
2.735		0.9620		-3.4000		-2.4379		0.3508
2.740		0.9653		-3.4027		-2.4374		0.3519
2.745		0.9680		-3.4048		-2.4368		0.3528
2.750		0.9699		-3.4062		-2.4363		0.3535
2.755		0.9712		-3.4070		-2.4358		0.3540
2.760		0.9719		-3.4071		-2.4353		0.3542
2.765		0.9719		-3.4067		-2.4348		0.3542
2.770		0.9715		-3.4058		-2.4343		0.3540
2.775		0.9709		-3.4047		-2.4338		0.3538
2.780		0.9704		-3.4036		-2.4332		0.3535
2.785		0.9701		-3.4028		-2.4327		0.3534
2.790		0.9703		-3.4025		-2.4322		0.3535
2.795		0.9710		-3.4027		-2.4317		0.3537
2.800		0.9723		-3.4036		-2.4313		0.3541
2.805		0.9741		-3.4050		-2.4308		0.3548
2.810		0.9766		-3.4070		-2.4304		0.3556
2.815		0.9797		-3.4097		-2.4299		0.3567
2.820		0.9835		-3.4130		-2.4295		0.3580
2.825		0.9879		-3.4170		-2.4290		0.3596
2.830		0.9928		-3.4214		-2.4286		0.3612
2.835		0.9977		-3.4259		-2.4282		0.3630
2.840		1.0023		-3.4302		-2.4279		0.3646
2.845		1.0061		-3.4338		-2.4276		0.3659
2.850		1.0088		-3.4362		-2.4274		0.3668
2.855		1.0103		-3.4374		-2.4271		0.3673
2.860		1.0104		-3.4372		-2.4268		0.3674
2.865		1.0096		-3.4360		-2.4264		0.3670
2.870		1.0080		-3.4340		-2.4260		0.3664
2.875		1.0062		-3.4317		-2.4255		0.3658
2.880		1.0042		-3.4293		-2.4250		0.3650
2.885		1.0023		-3.4268		-2.4246		0.3643
2.890		1.0001		-3.4243		-2.4242		0.3635
2.895		0.9973		-3.4212		-2.4239		0.3625
2.900		0.9935		-3.4172		-2.4237		0.3612
2.905		0.9885		-3.4121		-2.4235		0.3594
2.910		0.9823		-3.4057		-2.4234		0.3571
2.915		0.9750		-3.3982		-2.4232		0.3545
2.920		0.9669		-3.3899		-2.4230		0.3516
2.925		0.9584		-3.3812		-2.4228		0.3486
2.930		0.9502		-3.3726		-2.4224		0.3457
2.935		0.9428		-3.3648		-2.4220		0.3430
2.940		0.9368		-3.3583		-2.4215		0.3409
2.945		0.9326		-3.3537		-2.4211		0.3394
2.950		0.9304		-3.3510		-2.4206		0.3386
2.955		0.9299		-3.3501		-2.4202		0.3384
2.960		0.9308		-3.3507		-2.4199		0.3387
2.965		0.9327		-3.3523		-2.4196		0.3394
2.970		0.9353		-3.3547		-2.4194		0.3403
2.975		0.9384		-3.3576		-2.4192		0.3414
2.980		0.9418		-3.3608		-2.4190		0.3426
2.985		0.9452		-3.3640		-2.4188		0.3438
2.990		0.9485		-3.3672		-2.4187		0.3450
2.995		0.9512		-3.3699		-2.4187		0.3459
3.000		0.9530		-3.3718		-2.4187		0.3466
3.005		0.9536		-3.3724		-2.4188		0.3468
3.010		0.9529		-3.3717		-2.4188		0.3465
3.015		0.9512		-3.3700		-2.4188		0.3459
3.020		0.9496		-3.3681		-2.4185		0.3453
3.025		0.9489		-3.3670		-2.4181		0.3451
3.030		0.9498		-3.3676		-2.4178		0.3454
3.035		0.9523		-3.3698		-2.4175		0.3463
3.040		0.9556		-3.3729		-2.4174		0.3475
3.045		0.9585		-3.3758		-2.4173		0.3485
3.050		0.9602		-3.3775		-2.4173		0.3492
3.055		0.9604		-3.3776		-2.4172		0.3492
3.060		0.9589		-3.3760		-2.4171		0.3487
3.065		0.9559		-3.3728		-2.4169		0.3476
3.070		0.9515		-3.3682		-2.4167		0.3461
3.075		0.9463		-3.3627		-2.4164		0.3443
3.080		0.9407		-3.3567		-2.4160		0.3423
3.085		0.9352		-3.3508		-2.4156		0.3403
3.090		0.9302		-3.3453		-2.4151		0.3386
3.095		0.9261		-3.3407		-2.4145		0.3371
3.100		0.9233		-3.3373		-2.4140		0.3361
3.105		0.9219		-3.3353		-2.4135		0.3356
3.110		0.9219		-3.3348		-2.4129		0.3357
3.115		0.9234		-3.3358		-2.4123		0.3362
3.120		0.9263		-3.3381		-2.4118		0.3372
3.125		0.9303		-3.3415		-2.4112		0.3386
3.130		0.9353		-3.3459		-2.4106		0.3404
3.135		0.9410		-3.3510		-2.4100		0.3425
3.140		0.9471		-3.3565		-2.4094		0.3447
3.145		0.9534		-3.3622		-2.4088		0.3469
3.150		0.9595		-3.3677		-2.4082		0.3491
3.155		0.9653		-3.3728		-2.4075		0.3512
3.160		0.9706		-3.3774		-2.4068		0.3531
3.165		0.9754		-3.3814		-2.4061		0.3548
3.170		0.9796		-3.3849		-2.4052		0.3563
3.175		0.9835		-3.3878		-2.4043		0.3577
3.180		0.9871		-3.3905		-2.4034		0.3590
3.185		0.9907		-3.3930		-2.4024		0.3602
3.190		0.9942		-3.3955		-2.4013		0.3615
3.195		0.9978		-3.3980		-2.4002		0.3628
3.200		1.0014		-3.4004		-2.3990		0.3641
3.205		1.0050		-3.4028		-2.3978		0.3654
3.210		1.0087		-3.4052		-2.3965		0.3667
3.215		1.0124		-3.4077		-2.3952		0.3681
3.220		1.0162		-3.4101		-2.3939		0.3695
3.225		1.0201		-3.4127		-2.3926		0.3709
3.230		1.0239		-3.4152		-2.3913		0.3722
3.235		1.0276		-3.4176		-2.3900		0.3736
3.240		1.0312		-3.4200		-2.3888		0.3749
3.245		1.0349		-3.4224		-2.3876		0.3762
3.250		1.0388		-3.4251		-2.3864		0.3776
3.255		1.0429		-3.4281		-2.3852		0.3791
3.260		1.0472		-3.4313		-2.3841		0.3807
3.265		1.0514		-3.4345		-2.3831		0.3822
3.270		1.0550		-3.4372		-2.3822		0.3835
3.275		1.0577		-3.4391		-2.3814		0.3845
3.280		1.0593		-3.4399		-2.3806		0.3851
3.285		1.0597		-3.4395		-2.3798		0.3853
3.290		1.0589		-3.4379		-2.3790		0.3850
3.295		1.0571		-3.4353		-2.3782		0.3844
3.300		1.0545		-3.4319		-2.3775		0.3835
3.305		1.0514		-3.4280		-2.3767		0.3824
3.310		1.0480		-3.4239		-2.3759		0.3813
3.315		1.0445		-3.4197		-2.3751		0.3801
3.320		1.0410		-3.4154		-2.3744		0.3789
3.325		1.0374		-3.4111		-2.3737		0.3776
3.330		1.0338		-3.4069		-2.3730		0.3764
3.335		1.0303		-3.4027		-2.3724		0.3752
3.340		1.0268		-3.3985		-2.3717		0.3740
3.345		1.0233		-3.3944		-2.3712		0.3728
3.350		1.0195		-3.3902		-2.3707		0.3715
3.355		1.0152		-3.3855		-2.3703		0.3700
3.360		1.0102		-3.3801		-2.3699		0.3683
3.365		1.0043		-3.3739		-2.3696		0.3662
3.370		0.9980		-3.3672		-2.3692		0.3640
3.375		0.9917		-3.3604		-2.3687		0.3618
3.380		0.9861		-3.3543		-2.3682		0.3599
3.385		0.9821		-3.3497		-2.3676		0.3585
3.390		0.9803		-3.3472		-2.3669		0.3578
3.395		0.9807		-3.3470		-2.3663		0.3580
3.400		0.9834		-3.3492		-2.3658		0.3590
3.405		0.9880		-3.3533		-2.3653		0.3607
3.410		0.9938		-3.3587		-2.3649		0.3628
3.415		0.9998		-3.3645		-2.3647		0.3650
3.420		1.0052		-3.3698		-2.3645		0.3669
3.425		1.0093		-3.3738		-2.3645		0.3684
3.430		1.0117		-3.3761		-2.3644		0.3692
3.435		1.0126		-3.3768		-2.3642		0.3696
3.440		1.0127		-3.3765		-2.3639		0.3696
3.445		1.0126		-3.3761		-2.3635		0.3696
3.450		1.0131		-3.3762		-2.3631		0.3697
3.455		1.0142		-3.3769		-2.3627		0.3701
3.460		1.0156		-3.3780		-2.3624		0.3707
3.465		1.0171		-3.3791		-2.3620		0.3712
3.470		1.0184		-3.3801		-2.3617		0.3716
3.475		1.0193		-3.3807		-2.3613		0.3720
3.480		1.0200		-3.3809		-2.3609		0.3722
3.485		1.0204		-3.3809		-2.3605		0.3724
3.490		1.0206		-3.3807		-2.3601		0.3724
3.495		1.0209		-3.3805		-2.3596		0.3725
3.500		1.0213		-3.3805		-2.3592		0.3727
3.505		1.0218		-3.3806		-2.3588		0.3729
3.510		1.0225		-3.3809		-2.3585		0.3731
3.515		1.0233		-3.3815		-2.3582		0.3734
3.520		1.0242		-3.3821		-2.3579		0.3738
3.525		1.0252		-3.3829		-2.3577		0.3741
3.530		1.0262		-3.3836		-2.3575		0.3745
3.535		1.0270		-3.3843		-2.3573		0.3748
3.540		1.0277		-3.3848		-2.3571		0.3750
3.545		1.0280		-3.3850		-2.3570		0.3752
3.550		1.0282		-3.3850		-2.3568		0.3752
3.555		1.0282		-3.3848		-2.3566		0.3752
3.560		1.0285		-3.3848		-2.3563		0.3754
3.565		1.0295		-3.3854		-2.3558		0.3757
3.570		1.0316		-3.3870		-2.3554		0.3765
3.575		1.0350		-3.3898		-2.3548		0.3777
3.580		1.0395		-3.3938		-2.3543		0.3793
3.585		1.0448		-3.3986		-2.3539		0.3812
3.590		1.0503		-3.4038		-2.3534		0.3832
3.595		1.0556		-3.4087		-2.3531		0.3851
3.600		1.0603		-3.4129		-2.3527		0.3868
3.605		1.0641		-3.4164		-2.3523		0.3881
3.610		1.0671		-3.4189		-2.3518		0.3892
3.615		1.0693		-3.4206		-2.3513		0.3900
3.620		1.0710		-3.4218		-2.3508		0.3906
3.625		1.0723		-3.4227		-2.3504		0.3911
3.630		1.0732		-3.4231		-2.3499		0.3914
3.635		1.0736		-3.4231		-2.3495		0.3915
3.640		1.0732		-3.4224		-2.3493		0.3914
3.645		1.0717		-3.4208		-2.3491		0.3909
3.650		1.0690		-3.4179		-2.3489		0.3899
3.655		1.0651		-3.4138		-2.3488		0.3885
3.660		1.0601		-3.4086		-2.3486		0.3867
3.665		1.0545		-3.4028		-2.3483		0.3847
3.670		1.0488		-3.3968		-2.3480		0.3827
3.675		1.0436		-3.3912		-2.3476		0.3808
3.680		1.0390		-3.3863		-2.3473		0.3792
3.685		1.0351		-3.3821		-2.3470		0.3778
3.690		1.0317		-3.3784		-2.3466		0.3766
3.695		1.0287		-3.3751		-2.3464		0.3756
3.700		1.0258		-3.3719		-2.3461		0.3745
3.705		1.0228		-3.3686		-2.3458		0.3735
3.710		1.0194		-3.3650		-2.3456		0.3723
3.715		1.0155		-3.3609		-2.3453		0.3709
3.720		1.0111		-3.3561		-2.3451		0.3693
3.725		1.0062		-3.3509		-2.3448		0.3675
3.730		1.0012		-3.3456		-2.3444		0.3658
3.735		0.9965		-3.3405		-2.3440		0.3641
3.740		0.9925		-3.3361		-2.3436		0.3627
3.745		0.9894		-3.3326		-2.3432		0.3616
3.750		0.9872		-3.3300		-2.3428		0.3608
3.755		0.9858		-3.3283		-2.3425		0.3603
3.760		0.9848		-3.3271		-2.3423		0.3599
3.765		0.9838		-3.3259		-2.3421		0.3596
3.770		0.9825		-3.3245		-2.3420		0.3591
3.775		0.9809		-3.3227		-2.3418		0.3585
3.780		0.9793		-3.3208		-2.3415		0.3579
3.785		0.9779		-3.3191		-2.3412		0.3574
3.790		0.9774		-3.3183		-2.3408		0.3572
3.795		0.9781		-3.3186		-2.3405		0.3575
3.800		0.9802		-3.3203		-2.3401		0.3582
3.805		0.9837		-3.3234		-2.3398		0.3594
3.810		0.9882		-3.3277		-2.3396		0.3610
3.815		0.9933		-3.3327		-2.3394		0.3628
3.820		0.9985		-3.3379		-2.3394		0.3647
3.825		1.0031		-3.3425		-2.3395		0.3663
3.830		1.0066		-3.3462		-2.3396		0.3675
3.835		1.0088		-3.3486		-2.3398		0.3683
3.840		1.0096		-3.3495		-2.3399		0.3686
3.845		1.0093		-3.3493		-2.3400		0.3685
3.850		1.0084		-3.3484		-2.3400		0.3681
3.855		1.0074		-3.3473		-2.3399		0.3678
3.860		1.0072		-3.3469		-2.3397		0.3677
3.865		1.0084		-3.3477		-2.3394		0.3681
3.870		1.0112		-3.3502		-2.3390		0.3691
3.875		1.0156		-3.3544		-2.3387		0.3707
3.880		1.0213		-3.3598		-2.3385		0.3727
3.885		1.0277		-3.3659		-2.3382		0.3750
3.890		1.0341		-3.3721		-2.3380		0.3772
3.895		1.0400		-3.3778		-2.3378		0.3793
3.900		1.0451		-3.3826		-2.3375		0.3811
3.905		1.0492		-3.3863		-2.3372		0.3826
3.910		1.0522		-3.3890		-2.3368		0.3837
3.915		1.0544		-3.3907		-2.3363		0.3845
3.920		1.0556		-3.3914		-2.3358		0.3849
3.925		1.0560		-3.3912		-2.3353		0.3850
3.930		1.0555		-3.3902		-2.3347		0.3849
3.935		1.0543		-3.3884		-2.3341		0.3845
3.940		1.0522		-3.3858		-2.3335		0.3837
3.945		1.0495		-3.3824		-2.3329		0.3828
3.950		1.0463		-3.3785		-2.3322		0.3816
3.955		1.0428		-3.3744		-2.3315		0.3804
3.960		1.0393		-3.3701		-2.3309		0.3791
3.965		1.0357		-3.3659		-2.3302		0.3779
3.970		1.0322		-3.3617		-2.3295		0.3766
3.975		1.0289		-3.3577		-2.3288		0.3755
3.980		1.0259		-3.3540		-2.3281		0.3744
3.985		1.0235		-3.3508		-2.3273		0.3736
3.990		1.0219		-3.3484		-2.3265		0.3730
3.995		1.0214		-3.3470		-2.3256		0.3728
4.000		1.0221		-3.3468		-2.3247		0.3731
4.005		1.0238		-3.3476		-2.3238		0.3737
4.010		1.0262		-3.3492		-2.3230		0.3745
4.015		1.0290		-3.3512		-2.3223		0.3755
4.020		1.0318		-3.3533		-2.3215		0.3765
4.025		1.0342		-3.3550		-2.3208		0.3774
4.030		1.0360		-3.3562		-2.3202		0.3780
4.035		1.0372		-3.3567		-2.3195		0.3785
4.040		1.0377		-3.3566		-2.3189		0.3787
4.045		1.0377		-3.3560		-2.3182		0.3787
4.050		1.0375		-3.3550		-2.3175		0.3786
4.055		1.0372		-3.3540		-2.3168		0.3785
4.060		1.0372		-3.3532		-2.3160		0.3785
4.065		1.0376		-3.3529		-2.3153		0.3786
4.070		1.0387		-3.3532		-2.3145		0.3790
4.075		1.0403		-3.3540		-2.3137		0.3795
4.080		1.0424		-3.3554		-2.3130		0.3803
4.085		1.0447		-3.3570		-2.3123		0.3811
4.090		1.0468		-3.3585		-2.3117		0.3819
4.095		1.0486		-3.3596		-2.3111		0.3825
4.100		1.0496		-3.3600		-2.3105		0.3828
4.105		1.0496		-3.3595		-2.3099		0.3828
4.110		1.0487		-3.3580		-2.3093		0.3825
4.115		1.0470		-3.3556		-2.3086		0.3819
4.120		1.0449		-3.3529		-2.3080		0.3812
4.125		1.0428		-3.3501		-2.3072		0.3804
4.130		1.0413		-3.3478		-2.3065		0.3799
4.135		1.0406		-3.3464		-2.3058		0.3796
4.140		1.0412		-3.3462		-2.3050		0.3798
4.145		1.0429		-3.3473		-2.3044		0.3805
4.150		1.0457		-3.3496		-2.3038		0.3814
4.155		1.0493		-3.3526		-2.3033		0.3827
4.160		1.0531		-3.3561		-2.3029		0.3841
4.165		1.0569		-3.3595		-2.3026		0.3854
4.170		1.0603		-3.3626		-2.3023		0.3866
4.175		1.0630		-3.3650		-2.3020		0.3875
4.180		1.0648		-3.3666		-2.3018		0.3882
4.185		1.0658		-3.3674		-2.3016		0.3885
4.190		1.0659		-3.3673		-2.3014		0.3885
4.195		1.0655		-3.3666		-2.3011		0.3883
4.200		1.0646		-3.3655		-2.3009		0.3880
4.205		1.0639		-3.3644		-2.3006		0.3877
4.210		1.0635		-3.3638		-2.3002		0.3876
4.215		1.0640		-3.3638		-2.2998		0.3878
4.220		1.0655		-3.3649		-2.2994		0.3883
4.225		1.0680		-3.3669		-2.2989		0.3891
4.230		1.0713		-3.3697		-2.2984		0.3903
4.235		1.0752		-3.3731		-2.2979		0.3917
4.240		1.0794		-3.3767		-2.2974		0.3932
4.245		1.0838		-3.3805		-2.2967		0.3947
4.250		1.0884		-3.3844		-2.2960		0.3963
4.255		1.0930		-3.3882		-2.2952		0.3980
4.260		1.0977		-3.3921		-2.2944		0.3996
4.265		1.1024		-3.3959		-2.2935		0.4013
4.270		1.1072		-3.3997		-2.2926		0.4030
4.275		1.1118		-3.4035		-2.2917		0.4046
4.280		1.1164		-3.4071		-2.2907		0.4063
4.285		1.1208		-3.4105		-2.2898		0.4078
4.290		1.1249		-3.4137		-2.2888		0.4093
4.295		1.1287		-3.4166		-2.2879		0.4106
4.300		1.1319		-3.4190		-2.2871		0.4118
4.305		1.1344		-3.4207		-2.2863		0.4127
4.310		1.1359		-3.4215		-2.2856		0.4132
4.315		1.1362		-3.4212		-2.2850		0.4133
4.320		1.1353		-3.4197		-2.2844		0.4130
4.325		1.1332		-3.4171		-2.2838		0.4123
4.330		1.1303		-3.4136		-2.2833		0.4112
4.335		1.1267		-3.4095		-2.2828		0.4100
4.340		1.1229		-3.4051		-2.2822		0.4086
4.345		1.1189		-3.4007		-2.2817		0.4073
4.350		1.1152		-3.3964		-2.2812		0.4059
4.355		1.1120		-3.3927		-2.2807		0.4048
4.360		1.1095		-3.3897		-2.2801		0.4040
4.365		1.1080		-3.3876		-2.2796		0.4034
4.370		1.1070		-3.3862		-2.2792		0.4031
4.375		1.1062		-3.3850		-2.2788		0.4029
4.380		1.1049		-3.3834		-2.2785		0.4025
4.385		1.1027		-3.3809		-2.2782		0.4017
4.390		1.0992		-3.3771		-2.2779		0.4005
4.395		1.0945		-3.3720		-2.2775		0.3989
4.400		1.0888		-3.3659		-2.2771		0.3969
4.405		1.0823		-3.3590		-2.2767		0.3946
4.410		1.0756		-3.3518		-2.2762		0.3923
4.415		1.0691		-3.3447		-2.2756		0.3900
4.420		1.0632		-3.3382		-2.2750		0.3879
4.425		1.0584		-3.3327		-2.2743		0.3862
4.430		1.0551		-3.3288		-2.2737		0.3851
4.435		1.0536		-3.3267		-2.2731		0.3846
4.440		1.0537		-3.3262		-2.2725		0.3847
4.445		1.0553		-3.3274		-2.2720		0.3853
4.450		1.0581		-3.3297		-2.2716		0.3863
4.455		1.0617		-3.3329		-2.2712		0.3876
4.460		1.0659		-3.3367		-2.2709		0.3891
4.465		1.0704		-3.3410		-2.2706		0.3908
4.470		1.0751		-3.3454		-2.2703		0.3924
4.475		1.0795		-3.3496		-2.2701		0.3940
4.480		1.0835		-3.3534		-2.2699		0.3955
4.485		1.0866		-3.3564		-2.2698		0.3966
4.490		1.0887		-3.3583		-2.2696		0.3974
4.495		1.0898		-3.3593		-2.2694		0.3978
4.500		1.0901		-3.3593		-2.2692		0.3979
4.505		1.0897		-3.3586		-2.2689		0.3978
4.510		1.0890		-3.3576		-2.2686		0.3975
4.515		1.0879		-3.3562		-2.2683		0.3971
4.520		1.0868		-3.3547		-2.2680		0.3967
4.525		1.0856		-3.3532		-2.2676		0.3963
4.530		1.0844		-3.3517		-2.2673		0.3959
4.535		1.0834		-3.3504		-2.2670		0.3956
4.540		1.0825		-3.3492		-2.2666		0.3953
4.545		1.0818		-3.3481		-2.2664		0.3950
4.550		1.0809		-3.3470		-2.2661		0.3947
4.555		1.0796		-3.3455		-2.2659		0.3943
4.560		1.0779		-3.3436		-2.2657		0.3937
4.565		1.0759		-3.3413		-2.2655		0.3929
4.570		1.0738		-3.3390		-2.2652		0.3922
4.575		1.0722		-3.3370		-2.2648		0.3916
4.580		1.0714		-3.3358		-2.2644		0.3913
4.585		1.0717		-3.3356		-2.2639		0.3914
4.590		1.0733		-3.3367		-2.2635		0.3920
4.595		1.0761		-3.3391		-2.2630		0.3930
4.600		1.0803		-3.3428		-2.2625		0.3945
4.605		1.0856		-3.3477		-2.2621		0.3964
4.610		1.0916		-3.3533		-2.2617		0.3985
4.615		1.0979		-3.3593		-2.2614		0.4007
4.620		1.1038		-3.3650		-2.2612		0.4028
4.625		1.1087		-3.3698		-2.2611		0.4046
4.630		1.1121		-3.3732		-2.2610		0.4058
4.635		1.1138		-3.3747		-2.2609		0.4064
4.640		1.1138		-3.3745		-2.2607		0.4064
4.645		1.1120		-3.3726		-2.2605		0.4058
4.650		1.1089		-3.3692		-2.2603		0.4047
4.655		1.1047		-3.3647		-2.2600		0.4032
4.660		1.0996		-3.3594		-2.2597		0.4014
4.665		1.0937		-3.3532		-2.2595		0.3993
4.670		1.0872		-3.3464		-2.2593		0.3970
4.675		1.0802		-3.3392		-2.2590		0.3946
4.680		1.0732		-3.3319		-2.2587		0.3921
4.685		1.0668		-3.3252		-2.2584		0.3898
4.690		1.0613		-3.3193		-2.2580		0.3879
4.695		1.0572		-3.3149		-2.2577		0.3864
4.700		1.0546		-3.3120		-2.2574		0.3855
4.705		1.0536		-3.3107		-2.2571		0.3852
4.710		1.0539		-3.3108		-2.2569		0.3853
4.715		1.0551		-3.3119		-2.2568		0.3857
4.720		1.0568		-3.3136		-2.2567		0.3864
4.725		1.0588		-3.3155		-2.2567		0.3870
4.730		1.0607		-3.3175		-2.2568		0.3877
4.735		1.0624		-3.3193		-2.2569		0.3883
4.740		1.0641		-3.3210		-2.2570		0.3889
4.745		1.0659		-3.3230		-2.2571		0.3895
4.750		1.0682		-3.3255		-2.2572		0.3903
4.755		1.0711		-3.3285		-2.2574		0.3914
4.760		1.0747		-3.3323		-2.2576		0.3926
4.765		1.0786		-3.3365		-2.2580		0.3940
4.770		1.0825		-3.3409		-2.2583		0.3954
4.775		1.0860		-3.3448		-2.2588		0.3966
4.780		1.0885		-3.3478		-2.2593		0.3974
4.785		1.0896		-3.3493		-2.2598		0.3978
4.790		1.0890		-3.3492		-2.2601		0.3976
4.795		1.0871		-3.3475		-2.2604		0.3969
4.800		1.0842		-3.3447		-2.2605		0.3958
4.805		1.0808		-3.3413		-2.2605		0.3946
4.810		1.0774		-3.3379		-2.2605		0.3934
4.815		1.0743		-3.3347		-2.2604		0.3922
4.820		1.0716		-3.3318		-2.2603		0.3912
4.825		1.0692		-3.3294		-2.2601		0.3904
4.830		1.0677		-3.3276		-2.2599		0.3898
4.835		1.0673		-3.3270		-2.2596		0.3897
4.840		1.0686		-3.3279		-2.2593		0.3901
4.845		1.0714		-3.3304		-2.2590		0.3911
4.850		1.0755		-3.3344		-2.2588		0.3925
4.855		1.0804		-3.3391		-2.2587		0.3942
4.860		1.0855		-3.3440		-2.2585		0.3960
4.865		1.0904		-3.3487		-2.2583		0.3977
4.870		1.0949		-3.3530		-2.2581		0.3993
4.875		1.0989		-3.3566		-2.2578		0.4007
4.880		1.1022		-3.3596		-2.2575		0.4019
4.885		1.1046		-3.3617		-2.2571		0.4028
4.890		1.1059		-3.3626		-2.2567		0.4032
4.895		1.1060		-3.3623		-2.2563		0.4033
4.900		1.1051		-3.3608		-2.2557		0.4030
4.905		1.1034		-3.3585		-2.2550		0.4024
4.910		1.1014		-3.3557		-2.2543		0.4017
4.915		1.0996		-3.3530		-2.2534		0.4010
4.920		1.0982		-3.3507		-2.2525		0.4006
4.925		1.0977		-3.3492		-2.2515		0.4004
4.930		1.0980		-3.3485		-2.2505		0.4005
4.935		1.0991		-3.3487		-2.2495		0.4009
4.940		1.1009		-3.3495		-2.2486		0.4016
4.945		1.1030		-3.3506		-2.2476		0.4024
4.950		1.1054		-3.3520		-2.2466		0.4032
4.955		1.1078		-3.3534		-2.2455		0.4041
4.960		1.1102		-3.3547		-2.2445		0.4050
4.965		1.1124		-3.3558		-2.2434		0.4058
4.970		1.1143		-3.3566		-2.2423		0.4065
4.975		1.1156		-3.3568		-2.2412		0.4070
4.980		1.1159		-3.3561		-2.2402		0.4071
4.985		1.1150		-3.3542		-2.2392		0.4068
4.990		1.1128		-3.3510		-2.2382		0.4061
4.995		1.1092		-3.3464		-2.2372		0.4048
5.000		1.1048		-3.3410		-2.2361		0.4033
5.005		1.1000		-3.3350		-2.2350		0.4016
5.010		1.0953		-3.3291		-2.2338		0.3999
5.015		1.0909		-3.3236		-2.2327		0.3984
5.020		1.0871		-3.3186		-2.2315		0.3971
5.025		1.0837		-3.3141		-2.2304		0.3959
5.030		1.0809		-3.3102		-2.2293		0.3949
5.035		1.0787		-3.3069		-2.2282		0.3942
5.040		1.0773		-3.3043		-2.2270		0.3937
5.045		1.0766		-3.3025		-2.2259		0.3934
5.050		1.0767		-3.3015		-2.2249		0.3935
5.055		1.0775		-3.3014		-2.2238		0.3938
5.060		1.0790		-3.3019		-2.2228		0.3944
5.065		1.0812		-3.3030		-2.2218		0.3951
5.070		1.0840		-3.3049		-2.2209		0.3962
5.075		1.0876		-3.3076		-2.2200		0.3974
5.080		1.0918		-3.3109		-2.2191		0.3989
5.085		1.0962		-3.3146		-2.2184		0.4005
5.090		1.1003		-3.3181		-2.2178		0.4020
5.095		1.1034		-3.3207		-2.2173		0.4031
5.100		1.1050		-3.3218		-2.2168		0.4037
5.105		1.1048		-3.3212		-2.2164		0.4036
5.110		1.1028		-3.3187		-2.2159		0.4029
5.115		1.0995		-3.3149		-2.2154		0.4017
5.120		1.0953		-3.3100		-2.2148		0.4002
5.125		1.0908		-3.3049		-2.2141		0.3986
5.130		1.0868		-3.3000		-2.2133		0.3972
5.135		1.0837		-3.2961		-2.2124		0.3961
5.140		1.0820		-3.2935		-2.2115		0.3955
5.145		1.0819		-3.2925		-2.2106		0.3955
5.150		1.0836		-3.2932		-2.2097		0.3961
5.155		1.0868		-3.2956		-2.2088		0.3972
5.160		1.0912		-3.2992		-2.2079		0.3988
5.165		1.0966		-3.3037		-2.2071		0.4007
5.170		1.1024		-3.3088		-2.2064		0.4028
5.175		1.1082		-3.3139		-2.2057		0.4049
5.180		1.1137		-3.3187		-2.2050		0.4068
5.185		1.1185		-3.3228		-2.2043		0.4085
5.190		1.1225		-3.3262		-2.2036		0.4100
5.195		1.1257		-3.3287		-2.2030		0.4111
5.200		1.1283		-3.3305		-2.2022		0.4120
5.205		1.1304		-3.3319		-2.2014		0.4128
5.210		1.1327		-3.3333		-2.2006		0.4136
5.215		1.1355		-3.3352		-2.1997		0.4146
5.220		1.1389		-3.3377		-2.1989		0.4158
5.225		1.1427		-3.3408		-2.1981		0.4171
5.230		1.1464		-3.3440		-2.1975		0.4185
5.235		1.1493		-3.3464		-2.1971		0.4195
5.240		1.1506		-3.3473		-2.1968		0.4199
5.245		1.1496		-3.3461		-2.1965		0.4196
5.250		1.1460		-3.3423		-2.1963		0.4183
5.255		1.1399		-3.3360		-2.1960		0.4162
5.260		1.1317		-3.3275		-2.1957		0.4133
5.265		1.1219		-3.3173		-2.1954		0.4098
5.270		1.1112		-3.3061		-2.1950		0.4060
5.275		1.1001		-3.2947		-2.1946		0.4020
5.280		1.0893		-3.2835		-2.1941		0.3982
5.285		1.0792		-3.2729		-2.1937		0.3946
5.290		1.0702		-3.2635		-2.1933		0.3914
5.295		1.0626		-3.2554		-2.1929		0.3887
5.300		1.0569		-3.2493		-2.1924		0.3867
5.305		1.0534		-3.2454		-2.1919		0.3855
5.310		1.0525		-3.2439		-2.1915		0.3851
5.315		1.0539		-3.2450		-2.1911		0.3856
5.320		1.0573		-3.2480		-2.1907		0.3868
5.325		1.0621		-3.2525		-2.1904		0.3885
5.330		1.0678		-3.2579		-2.1901		0.3906
5.335		1.0742		-3.2640		-2.1898		0.3928
5.340		1.0811		-3.2706		-2.1895		0.3953
5.345		1.0883		-3.2775		-2.1892		0.3978
5.350		1.0955		-3.2845		-2.1890		0.4004
5.355		1.1022		-3.2911		-2.1889		0.4027
5.360		1.1077		-3.2966		-2.1889		0.4047
5.365		1.1116		-3.3005		-2.1889		0.4060
5.370		1.1133		-3.3024		-2.1890		0.4066
5.375		1.1130		-3.3021		-2.1891		0.4064
5.380		1.1106		-3.2998		-2.1892		0.4056
5.385		1.1068		-3.2959		-2.1891		0.4042
5.390		1.1021		-3.2911		-2.1890		0.4025
5.395		1.0973		-3.2862		-2.1888		0.4008
5.400		1.0931		-3.2816		-2.1886		0.3992
5.405		1.0898		-3.2781		-2.1883		0.3981
5.410		1.0880		-3.2759		-2.1879		0.3974
5.415		1.0881		-3.2755		-2.1874		0.3974
5.420		1.0907		-3.2775		-2.1868		0.3983
5.425		1.0962		-3.2823		-2.1862		0.4003
5.430		1.1048		-3.2903		-2.1855		0.4033
5.435		1.1162		-3.3010		-2.1848		0.4073
5.440		1.1293		-3.3137		-2.1844		0.4120
5.445		1.1428		-3.3269		-2.1841		0.4168
5.450		1.1550		-3.3390		-2.1840		0.4212
5.455		1.1646		-3.3486		-2.1839		0.4246
5.460		1.1709		-3.3548		-2.1839		0.4268
5.465		1.1737		-3.3574		-2.1838		0.4278
5.470		1.1736		-3.3570		-2.1835		0.4277
5.475		1.1715		-3.3545		-2.1831		0.4270
5.480		1.1685		-3.3511		-2.1825		0.4260
5.485		1.1656		-3.3476		-2.1820		0.4249
5.490		1.1630		-3.3445		-2.1815		0.4240
5.495		1.1605		-3.3417		-2.1812		0.4231
5.500		1.1575		-3.3385		-2.1810		0.4221
5.505		1.1532		-3.3343		-2.1810		0.4206
5.510		1.1471		-3.3282		-2.1811		0.4184
5.515		1.1385		-3.3198		-2.1813		0.4154
5.520		1.1275		-3.3089		-2.1814		0.4114
5.525		1.1145		-3.2959		-2.1814		0.4068
5.530		1.1005		-3.2817		-2.1812		0.4018
5.535		1.0872		-3.2679		-2.1808		0.3971
5.540		1.0760		-3.2561		-2.1801		0.3931
5.545		1.0681		-3.2476		-2.1794		0.3904
5.550		1.0637		-3.2425		-2.1788		0.3888
5.555		1.0622		-3.2405		-2.1783		0.3883
5.560		1.0629		-3.2407		-2.1778		0.3885
5.565		1.0653		-3.2426		-2.1773		0.3893
5.570		1.0691		-3.2458		-2.1768		0.3907
5.575		1.0744		-3.2506		-2.1762		0.3926
5.580		1.0812		-3.2568		-2.1756		0.3950
5.585		1.0893		-3.2645		-2.1751		0.3979
5.590		1.0984		-3.2731		-2.1747		0.4011
5.595		1.1077		-3.2821		-2.1744		0.4044
5.600		1.1165		-3.2906		-2.1742		0.4075
5.605		1.1242		-3.2982		-2.1740		0.4103
5.610		1.1307		-3.3044		-2.1737		0.4126
5.615		1.1358		-3.3092		-2.1734		0.4144
5.620		1.1398		-3.3129		-2.1730		0.4158
5.625		1.1432		-3.3158		-2.1726		0.4170
5.630		1.1463		-3.3183		-2.1720		0.4181
5.635		1.1493		-3.3208		-2.1715		0.4192
5.640		1.1522		-3.3232		-2.1710		0.4202
5.645		1.1549		-3.3254		-2.1705		0.4212
5.650		1.1573		-3.3274		-2.1701		0.4221
5.655		1.1591		-3.3288		-2.1696		0.4227
5.660		1.1603		-3.3294		-2.1692		0.4231
5.665		1.1607		-3.3294		-2.1687		0.4233
5.670		1.1604		-3.3287		-2.1682		0.4232
5.675		1.1597		-3.3274		-2.1677		0.4230
5.680		1.1586		-3.3258		-2.1672		0.4226
5.685		1.1574		-3.3241		-2.1666		0.4222
5.690		1.1566		-3.3226		-2.1660		0.4219
5.695		1.1562		-3.3216		-2.1654		0.4218
5.700		1.1565		-3.3213		-2.1649		0.4219
5.705		1.1573		-3.3216		-2.1643		0.4222
5.710		1.1584		-3.3223		-2.1639		0.4226
5.715		1.1592		-3.3228		-2.1636		0.4230
5.720		1.1594		-3.3227		-2.1633		0.4231
5.725		1.1588		-3.3218		-2.1630		0.4228
5.730		1.1573		-3.3200		-2.1627		0.4223
5.735		1.1550		-3.3174		-2.1624		0.4215
5.740		1.1522		-3.3144		-2.1621		0.4205
5.745		1.1493		-3.3111		-2.1618		0.4195
5.750		1.1466		-3.3081		-2.1615		0.4186
5.755		1.1446		-3.3057		-2.1611		0.4178
5.760		1.1436		-3.3043		-2.1607		0.4175
5.765		1.1440		-3.3043		-2.1603		0.4176
5.770		1.1457		-3.3056		-2.1599		0.4182
5.775		1.1487		-3.3083		-2.1596		0.4193
5.780		1.1529		-3.3121		-2.1592		0.4207
5.785		1.1578		-3.3167		-2.1589		0.4224
5.790		1.1634		-3.3219		-2.1585		0.4244
5.795		1.1695		-3.3277		-2.1581		0.4266
5.800		1.1761		-3.3338		-2.1577		0.4289
5.805		1.1830		-3.3403		-2.1573		0.4313
5.810		1.1901		-3.3470		-2.1569		0.4338
5.815		1.1973		-3.3538		-2.1566		0.4363
5.820		1.2042		-3.3604		-2.1562		0.4387
5.825		1.2107		-3.3666		-2.1559		0.4410
5.830		1.2164		-3.3719		-2.1556		0.4430
5.835		1.2210		-3.3762		-2.1553		0.4446
5.840		1.2242		-3.3792		-2.1550		0.4457
5.845		1.2260		-3.3807		-2.1547		0.4463
5.850		1.2263		-3.3807		-2.1544		0.4464
5.855		1.2252		-3.3793		-2.1540		0.4460
5.860		1.2229		-3.3766		-2.1536		0.4452
5.865		1.2196		-3.3729		-2.1532		0.4440
5.870		1.2156		-3.3683		-2.1528		0.4426
5.875		1.2108		-3.3631		-2.1523		0.4409
5.880		1.2056		-3.3574		-2.1519		0.4390
5.885		1.1998		-3.3513		-2.1514		0.4370
5.890		1.1938		-3.3448		-2.1510		0.4348
5.895		1.1874		-3.3380		-2.1506		0.4326
5.900		1.1808		-3.3310		-2.1502		0.4302
5.905		1.1739		-3.3238		-2.1499		0.4278
5.910		1.1667		-3.3163		-2.1496		0.4252
5.915		1.1593		-3.3085		-2.1493		0.4226
5.920		1.1516		-3.3005		-2.1490		0.4199
5.925		1.1439		-3.2925		-2.1486		0.4172
5.930		1.1367		-3.2849		-2.1482		0.4146
5.935		1.1304		-3.2781		-2.1477		0.4124
5.940		1.1254		-3.2725		-2.1471		0.4107
5.945		1.1219		-3.2685		-2.1466		0.4094
5.950		1.1198		-3.2659		-2.1461		0.4087
5.955		1.1188		-3.2644		-2.1456		0.4084
5.960		1.1186		-3.2638		-2.1452		0.4083
5.965		1.1188		-3.2636		-2.1448		0.4084
5.970		1.1192		-3.2636		-2.1444		0.4086
5.975		1.1196		-3.2636		-2.1440		0.4088
5.980		1.1198		-3.2634		-2.1436		0.4089
5.985		1.1198		-3.2629		-2.1432		0.4089
5.990		1.1192		-3.2620		-2.1428		0.4087
5.995		1.1178		-3.2602		-2.1425		0.4082
6.000		1.1151		-3.2572		-2.1421		0.4073
6.005		1.1109		-3.2527		-2.1419		0.4058
6.010		1.1048		-3.2464		-2.1416		0.4036
6.015		1.0970		-3.2382		-2.1412		0.4008
6.020		1.0880		-3.2287		-2.1407		0.3976
6.025		1.0787		-3.2188		-2.1400		0.3944
6.030		1.0705		-3.2096		-2.1391		0.3914
6.035		1.0644		-3.2025		-2.1381		0.3893
6.040		1.0612		-3.1983		-2.1371		0.3881
6.045		1.0611		-3.1972		-2.1361		0.3881
6.050		1.0637		-3.1989		-2.1352		0.3890
6.055		1.0685		-3.2029		-2.1344		0.3907
6.060		1.0746		-3.2083		-2.1337		0.3929
6.065		1.0810		-3.2141		-2.1331		0.3952
6.070		1.0872		-3.2197		-2.1325		0.3973
6.075		1.0925		-3.2244		-2.1320		0.3992
6.080		1.0968		-3.2281		-2.1314		0.4007
6.085		1.1002		-3.2308		-2.1307		0.4019
6.090		1.1030		-3.2329		-2.1299		0.4029
6.095		1.1056		-3.2347		-2.1291		0.4038
6.100		1.1085		-3.2367		-2.1282		0.4048
6.105		1.1116		-3.2390		-2.1274		0.4058
6.110		1.1149		-3.2415		-2.1266		0.4070
6.115		1.1180		-3.2439		-2.1259		0.4081
6.120		1.1208		-3.2460		-2.1252		0.4090
6.125		1.1229		-3.2474		-2.1245		0.4098
6.130		1.1243		-3.2482		-2.1239		0.4102
6.135		1.1249		-3.2481		-2.1232		0.4104
6.140		1.1250		-3.2475		-2.1225		0.4104
6.145		1.1247		-3.2464		-2.1217		0.4103
6.150		1.1242		-3.2452		-2.1210		0.4101
6.155		1.1239		-3.2440		-2.1201		0.4100
6.160		1.1240		-3.2432		-2.1192		0.4100
6.165		1.1248		-3.2430		-2.1182		0.4103
6.170		1.1266		-3.2438		-2.1172		0.4109
6.175		1.1295		-3.2457		-2.1162		0.4119
6.180		1.1335		-3.2487		-2.1152		0.4133
6.185		1.1382		-3.2526		-2.1143		0.4150
6.190		1.1434		-3.2569		-2.1136		0.4168
6.195		1.1483		-3.2612		-2.1129		0.4185
6.200		1.1523		-3.2647		-2.1124		0.4200
6.205		1.1551		-3.2671		-2.1120		0.4209
6.210		1.1563		-3.2679		-2.1116		0.4213
6.215		1.1560		-3.2673		-2.1113		0.4212
6.220		1.1546		-3.2654		-2.1109		0.4207
6.225		1.1524		-3.2628		-2.1105		0.4199
6.230		1.1499		-3.2599		-2.1100		0.4190
6.235		1.1474		-3.2570		-2.1095		0.4181
6.240		1.1451		-3.2542		-2.1091		0.4173
6.245		1.1432		-3.2518		-2.1085		0.4166
6.250		1.1419		-3.2499		-2.1080		0.4161
6.255		1.1414		-3.2487		-2.1074		0.4159
6.260		1.1417		-3.2485		-2.1068		0.4161
6.265		1.1429		-3.2491		-2.1062		0.4165
6.270		1.1444		-3.2501		-2.1057		0.4170
6.275		1.1457		-3.2511		-2.1053		0.4175
6.280		1.1462		-3.2512		-2.1050		0.4177
6.285		1.1452		-3.2501		-2.1048		0.4173
6.290		1.1425		-3.2472		-2.1047		0.4164
6.295		1.1379		-3.2425		-2.1045		0.4148
6.300		1.1317		-3.2361		-2.1044		0.4126
6.305		1.1244		-3.2286		-2.1042		0.4100
6.310		1.1166		-3.2205		-2.1039		0.4072
6.315		1.1091		-3.2127		-2.1036		0.4045
6.320		1.1027		-3.2060		-2.1033		0.4023
6.325		1.0977		-3.2007		-2.1030		0.4005
6.330		1.0945		-3.1972		-2.1027		0.3994
6.335		1.0932		-3.1957		-2.1025		0.3990
6.340		1.0939		-3.1961		-2.1022		0.3992
6.345		1.0965		-3.1985		-2.1020		0.4002
6.350		1.1008		-3.2026		-2.1018		0.4017
6.355		1.1064		-3.2080		-2.1016		0.4037
6.360		1.1126		-3.2142		-2.1016		0.4059
6.365		1.1188		-3.2203		-2.1015		0.4082
6.370		1.1243		-3.2258		-2.1015		0.4102
6.375		1.1287		-3.2302		-2.1015		0.4117
6.380		1.1317		-3.2331		-2.1014		0.4128
6.385		1.1332		-3.2345		-2.1013		0.4134
6.390		1.1333		-3.2343		-2.1011		0.4134
6.395		1.1320		-3.2327		-2.1008		0.4130
6.400		1.1296		-3.2300		-2.1004		0.4121
6.405		1.1263		-3.2262		-2.0999		0.4110
6.410		1.1224		-3.2217		-2.0994		0.4096
6.415		1.1181		-3.2168		-2.0987		0.4080
6.420		1.1139		-3.2118		-2.0979		0.4066
6.425		1.1105		-3.2074		-2.0969		0.4054
6.430		1.1083		-3.2042		-2.0959		0.4046
6.435		1.1077		-3.2025		-2.0948		0.4044
6.440		1.1090		-3.2026		-2.0936		0.4048
6.445		1.1119		-3.2045		-2.0926		0.4058
6.450		1.1162		-3.2077		-2.0916		0.4074
6.455		1.1215		-3.2121		-2.0906		0.4092
6.460		1.1274		-3.2171		-2.0897		0.4113
6.465		1.1334		-3.2223		-2.0890		0.4134
6.470		1.1392		-3.2274		-2.0882		0.4155
6.475		1.1444		-3.2320		-2.0875		0.4173
6.480		1.1490		-3.2359		-2.0869		0.4189
6.485		1.1528		-3.2391		-2.0863		0.4203
6.490		1.1557		-3.2414		-2.0857		0.4213
6.495		1.1577		-3.2429		-2.0852		0.4220
6.500		1.1586		-3.2433		-2.0847		0.4223
6.505		1.1582		-3.2424		-2.0842		0.4221
6.510		1.1564		-3.2401		-2.0837		0.4215
6.515		1.1534		-3.2366		-2.0831		0.4204
6.520		1.1494		-3.2320		-2.0825		0.4190
6.525		1.1448		-3.2267		-2.0819		0.4173
6.530		1.1399		-3.2210		-2.0811		0.4156
6.535		1.1349		-3.2153		-2.0804		0.4138
6.540		1.1300		-3.2097		-2.0797		0.4121
6.545		1.1253		-3.2043		-2.0790		0.4104
6.550		1.1210		-3.1992		-2.0782		0.4089
6.555		1.1172		-3.1947		-2.0774		0.4075
6.560		1.1142		-3.1908		-2.0766		0.4065
6.565		1.1119		-3.1877		-2.0758		0.4057
6.570		1.1105		-3.1854		-2.0750		0.4052
6.575		1.1098		-3.1839		-2.0741		0.4050
6.580		1.1100		-3.1832		-2.0732		0.4050
6.585		1.1107		-3.1831		-2.0723		0.4053
6.590		1.1121		-3.1835		-2.0715		0.4058
6.595		1.1137		-3.1843		-2.0706		0.4064
6.600		1.1155		-3.1853		-2.0698		0.4071
6.605		1.1171		-3.1861		-2.0690		0.4076
6.610		1.1182		-3.1865		-2.0683		0.4080
6.615		1.1185		-3.1862		-2.0677		0.4081
6.620		1.1182		-3.1852		-2.0670		0.4080
6.625		1.1173		-3.1837		-2.0664		0.4077
6.630		1.1165		-3.1822		-2.0658		0.4074
6.635		1.1164		-3.1814		-2.0651		0.4073
6.640		1.1175		-3.1819		-2.0644		0.4077
6.645		1.1203		-3.1841		-2.0638		0.4087
6.650		1.1245		-3.1879		-2.0634		0.4102
6.655		1.1296		-3.1927		-2.0631		0.4120
6.660		1.1348		-3.1978		-2.0630		0.4138
6.665		1.1391		-3.2021		-2.0630		0.4153
6.670		1.1421		-3.2051		-2.0631		0.4164
6.675		1.1432		-3.2063		-2.0631		0.4167
6.680		1.1425		-3.2056		-2.0631		0.4165
6.685		1.1405		-3.2034		-2.0629		0.4157
6.690		1.1378		-3.2004		-2.0626		0.4147
6.695		1.1354		-3.1975		-2.0621		0.4139
6.700		1.1343		-3.1957		-2.0614		0.4135
6.705		1.1352		-3.1959		-2.0607		0.4138
6.710		1.1382		-3.1983		-2.0601		0.4149
6.715		1.1428		-3.2023		-2.0596		0.4165
6.720		1.1481		-3.2072		-2.0592		0.4184
6.725		1.1533		-3.2122		-2.0589		0.4203
6.730		1.1579		-3.2165		-2.0587		0.4219
6.735		1.1615		-3.2200		-2.0585		0.4232
6.740		1.1641		-3.2224		-2.0583		0.4241
6.745		1.1655		-3.2237		-2.0581		0.4246
6.750		1.1658		-3.2239		-2.0580		0.4247
6.755		1.1651		-3.2230		-2.0579		0.4245
6.760		1.1634		-3.2213		-2.0579		0.4239
6.765		1.1611		-3.2188		-2.0578		0.4230
6.770		1.1586		-3.2162		-2.0576		0.4221
6.775		1.1566		-3.2140		-2.0574		0.4214
6.780		1.1557		-3.2129		-2.0571		0.4211
6.785		1.1563		-3.2132		-2.0569		0.4213
6.790		1.1581		-3.2149		-2.0568		0.4220
6.795		1.1607		-3.2174		-2.0568		0.4229
6.800		1.1635		-3.2203		-2.0568		0.4239
6.805		1.1664		-3.2232		-2.0567		0.4250
6.810		1.1693		-3.2259		-2.0566		0.4260
6.815		1.1722		-3.2287		-2.0565		0.4270
6.820		1.1752		-3.2315		-2.0563		0.4281
6.825		1.1783		-3.2345		-2.0561		0.4293
6.830		1.1814		-3.2374		-2.0560		0.4304
6.835		1.1843		-3.2401		-2.0558		0.4314
6.840		1.1866		-3.2422		-2.0556		0.4323
6.845		1.1881		-3.2436		-2.0555		0.4328
6.850		1.1886		-3.2440		-2.0554		0.4331
6.855		1.1879		-3.2431		-2.0552		0.4328
6.860		1.1859		-3.2410		-2.0551		0.4322
6.865		1.1826		-3.2376		-2.0549		0.4310
6.870		1.1781		-3.2329		-2.0548		0.4294
6.875		1.1724		-3.2270		-2.0546		0.4274
6.880		1.1656		-3.2202		-2.0545		0.4251
6.885		1.1580		-3.2125		-2.0544		0.4224
6.890		1.1500		-3.2043		-2.0543		0.4196
6.895		1.1421		-3.1963		-2.0542		0.4168
6.900		1.1351		-3.1891		-2.0539		0.4143
6.905		1.1297		-3.1834		-2.0537		0.4124
6.910		1.1265		-3.1798		-2.0533		0.4113
6.915		1.1259		-3.1789		-2.0530		0.4111
6.920		1.1279		-3.1806		-2.0526		0.4118
6.925		1.1323		-3.1847		-2.0524		0.4134
6.930		1.1384		-3.1907		-2.0523		0.4156
6.935		1.1456		-3.1979		-2.0522		0.4182
6.940		1.1532		-3.2055		-2.0523		0.4209
6.945		1.1606		-3.2130		-2.0524		0.4236
6.950		1.1677		-3.2202		-2.0525		0.4261
6.955		1.1742		-3.2269		-2.0527		0.4284
6.960		1.1802		-3.2331		-2.0529		0.4306
6.965		1.1857		-3.2387		-2.0530		0.4325
6.970		1.1907		-3.2440		-2.0533		0.4343
6.975		1.1953		-3.2488		-2.0535		0.4359
6.980		1.1989		-3.2528		-2.0539		0.4372
6.985		1.2009		-3.2553		-2.0544		0.4380
6.990		1.2007		-3.2557		-2.0550		0.4379
6.995		1.1980		-3.2534		-2.0554		0.4370
7.000		1.1930		-3.2488		-2.0557		0.4352
7.005		1.1869		-3.2427		-2.0557		0.4331
7.010		1.1810		-3.2365		-2.0555		0.4310
7.015		1.1766		-3.2316		-2.0551		0.4294
7.020		1.1745		-3.2291		-2.0546		0.4287
7.025		1.1751		-3.2293		-2.0542		0.4290
7.030		1.1775		-3.2315		-2.0540		0.4299
7.035		1.1807		-3.2346		-2.0539		0.4310
7.040		1.1835		-3.2375		-2.0540		0.4320
7.045		1.1848		-3.2391		-2.0542		0.4325
7.050		1.1841		-3.2385		-2.0545		0.4323
7.055		1.1810		-3.2357		-2.0548		0.4312
7.060		1.1756		-3.2306		-2.0550		0.4293
7.065		1.1685		-3.2237		-2.0552		0.4268
7.070		1.1600		-3.2153		-2.0554		0.4238
7.075		1.1509		-3.2064		-2.0554		0.4206
7.080		1.1422		-3.1976		-2.0554		0.4175
7.085		1.1348		-3.1900		-2.0552		0.4148
7.090		1.1297		-3.1846		-2.0549		0.4131
7.095		1.1279		-3.1824		-2.0545		0.4124
7.100		1.1298		-3.1838		-2.0540		0.4131
7.105		1.1352		-3.1888		-2.0536		0.4151
7.110		1.1435		-3.1967		-2.0532		0.4180
7.115		1.1534		-3.2064		-2.0529		0.4216
7.120		1.1640		-3.2167		-2.0527		0.4253
7.125		1.1740		-3.2266		-2.0526		0.4289
7.130		1.1826		-3.2352		-2.0525		0.4320
7.135		1.1892		-3.2417		-2.0524		0.4344
7.140		1.1935		-3.2458		-2.0523		0.4359
7.145		1.1955		-3.2476		-2.0522		0.4366
7.150		1.1954		-3.2473		-2.0519		0.4366
7.155		1.1937		-3.2454		-2.0516		0.4360
7.160		1.1909		-3.2422		-2.0513		0.4351
7.165		1.1875		-3.2384		-2.0509		0.4339
7.170		1.1838		-3.2343		-2.0505		0.4326
7.175		1.1800		-3.2301		-2.0502		0.4312
7.180		1.1762		-3.2260		-2.0498		0.4299
7.185		1.1724		-3.2219		-2.0495		0.4286
7.190		1.1690		-3.2182		-2.0492		0.4274
7.195		1.1664		-3.2151		-2.0488		0.4265
7.200		1.1648		-3.2132		-2.0483		0.4259
7.205		1.1649		-3.2128		-2.0479		0.4260
7.210		1.1668		-3.2142		-2.0474		0.4267
7.215		1.1706		-3.2175		-2.0469		0.4280
7.220		1.1757		-3.2223		-2.0466		0.4299
7.225		1.1816		-3.2279		-2.0463		0.4320
7.230		1.1874		-3.2334		-2.0460		0.4340
7.235		1.1923		-3.2381		-2.0458		0.4358
7.240		1.1958		-3.2414		-2.0456		0.4370
7.245		1.1978		-3.2431		-2.0452		0.4378
7.250		1.1986		-3.2434		-2.0448		0.4380
7.255		1.1984		-3.2426		-2.0443		0.4380
7.260		1.1975		-3.2412		-2.0437		0.4376
7.265		1.1963		-3.2393		-2.0431		0.4372
7.270		1.1951		-3.2375		-2.0423		0.4368
7.275		1.1946		-3.2362		-2.0415		0.4366
7.280		1.1956		-3.2361		-2.0406		0.4369
7.285		1.1989		-3.2383		-2.0395		0.4381
7.290		1.2051		-3.2435		-2.0384		0.4403
7.295		1.2145		-3.2519		-2.0374		0.4437
7.300		1.2264		-3.2629		-2.0365		0.4479
7.305		1.2396		-3.2754		-2.0358		0.4526
7.310		1.2531		-3.2883		-2.0352		0.4574
7.315		1.2656		-3.3003		-2.0347		0.4618
7.320		1.2765		-3.3107		-2.0342		0.4657
7.325		1.2852		-3.3189		-2.0337		0.4688
7.330		1.2914		-3.3246		-2.0333		0.4710
7.335		1.2952		-3.3279		-2.0327		0.4723
7.340		1.2968		-3.3289		-2.0321		0.4729
7.345		1.2966		-3.3280		-2.0314		0.4729
7.350		1.2953		-3.3260		-2.0307		0.4724
7.355		1.2932		-3.3231		-2.0299		0.4717
7.360		1.2906		-3.3198		-2.0292		0.4708
7.365		1.2876		-3.3161		-2.0286		0.4697
7.370		1.2839		-3.3118		-2.0279		0.4684
7.375		1.2795		-3.3069		-2.0274		0.4669
7.380		1.2742		-3.3010		-2.0268		0.4650
7.385		1.2679		-3.2941		-2.0262		0.4628
7.390		1.2605		-3.2861		-2.0256		0.4602
7.395		1.2521		-3.2771		-2.0249		0.4573
7.400		1.2431		-3.2673		-2.0242		0.4541
7.405		1.2341		-3.2573		-2.0232		0.4510
7.410		1.2258		-3.2478		-2.0220		0.4480
7.415		1.2192		-3.2399		-2.0207		0.4457
7.420		1.2150		-3.2342		-2.0192		0.4443
7.425		1.2137		-3.2313		-2.0176		0.4438
7.430		1.2154		-3.2314		-2.0160		0.4445
7.435		1.2198		-3.2343		-2.0145		0.4461
7.440		1.2265		-3.2395		-2.0130		0.4485
7.445		1.2344		-3.2460		-2.0116		0.4513
7.450		1.2427		-3.2531		-2.0103		0.4543
7.455		1.2506		-3.2596		-2.0091		0.4571
7.460		1.2570		-3.2649		-2.0080		0.4595
7.465		1.2613		-3.2682		-2.0069		0.4610
7.470		1.2631		-3.2690		-2.0059		0.4617
7.475		1.2621		-3.2670		-2.0050		0.4613
7.480		1.2583		-3.2624		-2.0041		0.4600
7.485		1.2519		-3.2552		-2.0033		0.4577
7.490		1.2432		-3.2457		-2.0025		0.4547
7.495		1.2330		-3.2347		-2.0017		0.4510
