# Averages varying with time steps
#  time		KE		PE		TE		Pr
0.000		0.3241		-3.2382		-2.9141		-3.1427
0.002		0.3241		-3.2382		-2.9141		0.1061
0.004		0.3242		-3.2383		-2.9141		0.1061
0.006		0.3243		-3.2384		-2.9141		0.1062
0.008		0.3245		-3.2386		-2.9141		0.1062
0.010		0.3246		-3.2388		-2.9141		0.1063
0.012		0.3249		-3.2390		-2.9141		0.1064
0.014		0.3252		-3.2393		-2.9141		0.1065
0.016		0.3255		-3.2396		-2.9141		0.1066
0.018		0.3258		-3.2399		-2.9141		0.1067
0.020		0.3262		-3.2403		-2.9141		0.1069
0.022		0.3267		-3.2408		-2.9141		0.1070
0.024		0.3272		-3.2413		-2.9141		0.1072
0.026		0.3277		-3.2418		-2.9141		0.1074
0.028		0.3283		-3.2424		-2.9141		0.1076
0.030		0.3289		-3.2430		-2.9141		0.1079
0.032		0.3295		-3.2436		-2.9141		0.1081
0.034		0.3302		-3.2443		-2.9141		0.1083
0.036		0.3309		-3.2450		-2.9141		0.1086
0.038		0.3317		-3.2458		-2.9141		0.1089
0.040		0.3325		-3.2466		-2.9141		0.1092
0.042		0.3333		-3.2474		-2.9141		0.1095
0.044		0.3342		-3.2483		-2.9141		0.1098
0.046		0.3351		-3.2492		-2.9141		0.1102
0.048		0.3360		-3.2501		-2.9141		0.1105
0.050		0.3370		-3.2511		-2.9141		0.1109
0.052		0.3380		-3.2521		-2.9141		0.1112
0.054		0.3390		-3.2531		-2.9141		0.1116
0.056		0.3400		-3.2541		-2.9141		0.1120
0.058		0.3411		-3.2552		-2.9141		0.1124
0.060		0.3422		-3.2563		-2.9141		0.1128
0.062		0.3433		-3.2574		-2.9141		0.1132
0.064		0.3444		-3.2585		-2.9141		0.1136
0.066		0.3456		-3.2597		-2.9141		0.1141
0.068		0.3467		-3.2608		-2.9141		0.1145
0.070		0.3478		-3.2620		-2.9141		0.1149
0.072		0.3490		-3.2631		-2.9141		0.1153
0.074		0.3501		-3.2643		-2.9142		0.1158
0.076		0.3512		-3.2654		-2.9142		0.1162
0.078		0.3523		-3.2665		-2.9142		0.1166
0.080		0.3534		-3.2676		-2.9142		0.1170
0.082		0.3545		-3.2687		-2.9142		0.1174
0.084		0.3555		-3.2698		-2.9142		0.1178
0.086		0.3565		-3.2708		-2.9142		0.1182
0.088		0.3575		-3.2717		-2.9142		0.1186
0.090		0.3584		-3.2727		-2.9143		0.1189
0.092		0.3593		-3.2736		-2.9143		0.1193
0.094		0.3601		-3.2744		-2.9143		0.1196
0.096		0.3609		-3.2752		-2.9143		0.1199
0.098		0.3616		-3.2759		-2.9143		0.1202
0.100		0.3623		-3.2766		-2.9143		0.1205
0.102		0.3629		-3.2773		-2.9144		0.1207
0.104		0.3635		-3.2779		-2.9144		0.1210
0.106		0.3641		-3.2785		-2.9144		0.1212
0.108		0.3647		-3.2791		-2.9144		0.1215
0.110		0.3652		-3.2796		-2.9144		0.1217
0.112		0.3658		-3.2802		-2.9144		0.1219
0.114		0.3664		-3.2809		-2.9144		0.1222
0.116		0.3671		-3.2815		-2.9144		0.1225
0.118		0.3678		-3.2823		-2.9144		0.1228
0.120		0.3687		-3.2831		-2.9144		0.1231
0.122		0.3696		-3.2840		-2.9144		0.1235
0.124		0.3707		-3.2851		-2.9144		0.1239
0.126		0.3719		-3.2863		-2.9144		0.1244
0.128		0.3732		-3.2876		-2.9144		0.1249
0.130		0.3747		-3.2891		-2.9144		0.1255
0.132		0.3764		-3.2907		-2.9144		0.1261
0.134		0.3781		-3.2925		-2.9144		0.1268
0.136		0.3801		-3.2944		-2.9144		0.1275
0.138		0.3821		-3.2964		-2.9144		0.1283
0.140		0.3842		-3.2986		-2.9143		0.1291
0.142		0.3865		-3.3008		-2.9144		0.1299
0.144		0.3888		-3.3031		-2.9144		0.1308
0.146		0.3911		-3.3055		-2.9144		0.1317
0.148		0.3935		-3.3079		-2.9144		0.1326
0.150		0.3959		-3.3103		-2.9144		0.1335
0.152		0.3983		-3.3127		-2.9144		0.1344
0.154		0.4007		-3.3151		-2.9144		0.1353
0.156		0.4030		-3.3174		-2.9144		0.1362
0.158		0.4053		-3.3197		-2.9145		0.1370
0.160		0.4075		-3.3220		-2.9145		0.1379
0.162		0.4096		-3.3241		-2.9145		0.1387
0.164		0.4117		-3.3262		-2.9145		0.1395
0.166		0.4136		-3.3282		-2.9146		0.1402
0.168		0.4155		-3.3301		-2.9146		0.1410
0.170		0.4173		-3.3320		-2.9146		0.1416
0.172		0.4190		-3.3337		-2.9147		0.1423
0.174		0.4206		-3.3353		-2.9147		0.1429
0.176		0.4221		-3.3369		-2.9147		0.1435
0.178		0.4235		-3.3383		-2.9148		0.1441
0.180		0.4248		-3.3396		-2.9148		0.1446
0.182		0.4260		-3.3409		-2.9148		0.1451
0.184		0.4271		-3.3420		-2.9149		0.1456
0.186		0.4281		-3.3430		-2.9149		0.1460
0.188		0.4289		-3.3439		-2.9149		0.1463
0.190		0.4297		-3.3446		-2.9150		0.1467
0.192		0.4303		-3.3453		-2.9150		0.1469
0.194		0.4308		-3.3458		-2.9150		0.1472
0.196		0.4312		-3.3462		-2.9151		0.1474
0.198		0.4314		-3.3465		-2.9151		0.1476
0.200		0.4316		-3.3467		-2.9151		0.1477
0.202		0.4316		-3.3468		-2.9152		0.1477
0.204		0.4315		-3.3467		-2.9152		0.1478
0.206		0.4313		-3.3465		-2.9152		0.1478
0.208		0.4310		-3.3463		-2.9153		0.1477
0.210		0.4306		-3.3459		-2.9153		0.1477
0.212		0.4301		-3.3454		-2.9153		0.1475
0.214		0.4295		-3.3448		-2.9154		0.1474
0.216		0.4288		-3.3442		-2.9154		0.1472
0.218		0.4280		-3.3434		-2.9154		0.1470
0.220		0.4272		-3.3426		-2.9155		0.1468
0.222		0.4263		-3.3417		-2.9155		0.1465
0.224		0.4253		-3.3408		-2.9155		0.1463
0.226		0.4243		-3.3398		-2.9155		0.1460
0.228		0.4233		-3.3388		-2.9155		0.1457
0.230		0.4222		-3.3378		-2.9156		0.1454
0.232		0.4211		-3.3367		-2.9156		0.1451
0.234		0.4200		-3.3356		-2.9156		0.1448
0.236		0.4189		-3.3345		-2.9156		0.1444
0.238		0.4178		-3.3335		-2.9156		0.1441
0.240		0.4168		-3.3324		-2.9156		0.1438
0.242		0.4157		-3.3314		-2.9156		0.1435
0.244		0.4147		-3.3304		-2.9157		0.1432
0.246		0.4138		-3.3294		-2.9157		0.1430
0.248		0.4129		-3.3285		-2.9157		0.1427
0.250		0.4120		-3.3277		-2.9157		0.1425
0.252		0.4112		-3.3269		-2.9157		0.1423
0.254		0.4105		-3.3262		-2.9157		0.1421
0.256		0.4099		-3.3256		-2.9157		0.1419
0.258		0.4094		-3.3251		-2.9157		0.1418
0.260		0.4090		-3.3247		-2.9157		0.1417
0.262		0.4087		-3.3244		-2.9157		0.1417
0.264		0.4085		-3.3242		-2.9157		0.1417
0.266		0.4084		-3.3241		-2.9157		0.1417
0.268		0.4084		-3.3241		-2.9157		0.1418
0.270		0.4086		-3.3242		-2.9157		0.1419
0.272		0.4088		-3.3245		-2.9156		0.1421
0.274		0.4092		-3.3249		-2.9156		0.1423
0.276		0.4097		-3.3254		-2.9156		0.1425
0.278		0.4104		-3.3260		-2.9156		0.1428
0.280		0.4111		-3.3268		-2.9156		0.1431
0.282		0.4120		-3.3276		-2.9156		0.1435
0.284		0.4130		-3.3286		-2.9156		0.1439
0.286		0.4142		-3.3298		-2.9156		0.1444
0.288		0.4154		-3.3310		-2.9156		0.1449
0.290		0.4168		-3.3323		-2.9156		0.1454
0.292		0.4183		-3.3338		-2.9155		0.1460
0.294		0.4199		-3.3354		-2.9155		0.1466
0.296		0.4216		-3.3371		-2.9155		0.1473
0.298		0.4234		-3.3389		-2.9155		0.1480
0.300		0.4253		-3.3408		-2.9155		0.1487
0.302		0.4273		-3.3428		-2.9155		0.1495
0.304		0.4294		-3.3449		-2.9155		0.1503
0.306		0.4316		-3.3471		-2.9155		0.1511
0.308		0.4339		-3.3493		-2.9155		0.1520
0.310		0.4362		-3.3517		-2.9155		0.1529
0.312		0.4386		-3.3541		-2.9154		0.1538
0.314		0.4411		-3.3565		-2.9154		0.1547
0.316		0.4436		-3.3591		-2.9154		0.1556
0.318		0.4462		-3.3616		-2.9154		0.1566
0.320		0.4488		-3.3642		-2.9154		0.1576
0.322		0.4515		-3.3669		-2.9154		0.1586
0.324		0.4542		-3.3696		-2.9154		0.1596
0.326		0.4568		-3.3722		-2.9154		0.1605
0.328		0.4595		-3.3749		-2.9154		0.1615
0.330		0.4622		-3.3776		-2.9154		0.1625
0.332		0.4649		-3.3803		-2.9154		0.1635
0.334		0.4676		-3.3829		-2.9154		0.1645
0.336		0.4702		-3.3856		-2.9154		0.1655
0.338		0.4729		-3.3882		-2.9153		0.1665
0.340		0.4755		-3.3908		-2.9153		0.1674
0.342		0.4780		-3.3934		-2.9153		0.1684
0.344		0.4805		-3.3959		-2.9153		0.1693
0.346		0.4830		-3.3983		-2.9153		0.1702
0.348		0.4854		-3.4008		-2.9153		0.1711
0.350		0.4878		-3.4031		-2.9153		0.1720
0.352		0.4901		-3.4054		-2.9153		0.1729
0.354		0.4924		-3.4077		-2.9153		0.1737
0.356		0.4946		-3.4099		-2.9153		0.1745
0.358		0.4967		-3.4120		-2.9153		0.1753
0.360		0.4988		-3.4141		-2.9153		0.1761
0.362		0.5008		-3.4161		-2.9153		0.1768
0.364		0.5027		-3.4180		-2.9153		0.1775
0.366		0.5045		-3.4198		-2.9153		0.1782
0.368		0.5063		-3.4216		-2.9153		0.1789
0.370		0.5080		-3.4233		-2.9153		0.1795
0.372		0.5097		-3.4249		-2.9153		0.1802
0.374		0.5112		-3.4265		-2.9153		0.1807
0.376		0.5127		-3.4280		-2.9153		0.1813
0.378		0.5141		-3.4294		-2.9153		0.1818
0.380		0.5154		-3.4307		-2.9153		0.1823
0.382		0.5167		-3.4319		-2.9153		0.1828
0.384		0.5179		-3.4331		-2.9153		0.1832
0.386		0.5190		-3.4342		-2.9152		0.1837
0.388		0.5200		-3.4352		-2.9152		0.1841
0.390		0.5209		-3.4362		-2.9152		0.1844
0.392		0.5218		-3.4371		-2.9152		0.1848
0.394		0.5227		-3.4379		-2.9152		0.1851
0.396		0.5234		-3.4386		-2.9152		0.1854
0.398		0.5241		-3.4394		-2.9152		0.1857
0.400		0.5248		-3.4400		-2.9152		0.1859
0.402		0.5254		-3.4406		-2.9152		0.1862
0.404		0.5260		-3.4412		-2.9152		0.1864
0.406		0.5265		-3.4417		-2.9152		0.1866
0.408		0.5270		-3.4422		-2.9152		0.1868
0.410		0.5275		-3.4427		-2.9152		0.1870
0.412		0.5280		-3.4432		-2.9152		0.1872
0.414		0.5285		-3.4437		-2.9152		0.1874
0.416		0.5290		-3.4442		-2.9151		0.1876
0.418		0.5295		-3.4447		-2.9151		0.1878
0.420		0.5301		-3.4452		-2.9151		0.1881
0.422		0.5306		-3.4457		-2.9151		0.1883
0.424		0.5313		-3.4463		-2.9151		0.1885
0.426		0.5319		-3.4470		-2.9151		0.1888
0.428		0.5326		-3.4477		-2.9151		0.1891
0.430		0.5334		-3.4484		-2.9150		0.1894
0.432		0.5342		-3.4493		-2.9150		0.1897
0.434		0.5351		-3.4501		-2.9150		0.1900
0.436		0.5361		-3.4511		-2.9150		0.1904
0.438		0.5371		-3.4521		-2.9150		0.1908
0.440		0.5383		-3.4532		-2.9150		0.1912
0.442		0.5395		-3.4544		-2.9150		0.1916
0.444		0.5407		-3.4557		-2.9149		0.1921
0.446		0.5420		-3.4570		-2.9149		0.1926
0.448		0.5434		-3.4584		-2.9149		0.1931
0.450		0.5449		-3.4598		-2.9149		0.1937
0.452		0.5464		-3.4613		-2.9149		0.1942
0.454		0.5480		-3.4628		-2.9149		0.1948
0.456		0.5496		-3.4644		-2.9149		0.1954
0.458		0.5512		-3.4661		-2.9149		0.1960
0.460		0.5529		-3.4677		-2.9149		0.1966
0.462		0.5546		-3.4694		-2.9149		0.1972
0.464		0.5563		-3.4711		-2.9149		0.1979
0.466		0.5580		-3.4728		-2.9149		0.1985
0.468		0.5597		-3.4746		-2.9149		0.1991
0.470		0.5614		-3.4763		-2.9149		0.1997
0.472		0.5631		-3.4779		-2.9149		0.2004
0.474		0.5647		-3.4796		-2.9149		0.2010
0.476		0.5663		-3.4812		-2.9149		0.2016
0.478		0.5679		-3.4828		-2.9149		0.2021
0.480		0.5694		-3.4844		-2.9149		0.2027
0.482		0.5709		-3.4858		-2.9149		0.2032
0.484		0.5723		-3.4873		-2.9150		0.2038
0.486		0.5736		-3.4886		-2.9150		0.2043
0.488		0.5749		-3.4899		-2.9150		0.2047
0.490		0.5760		-3.4911		-2.9150		0.2052
0.492		0.5771		-3.4922		-2.9150		0.2056
0.494		0.5781		-3.4932		-2.9151		0.2059
0.496		0.5790		-3.4941		-2.9151		0.2063
0.498		0.5799		-3.4949		-2.9151		0.2066
0.500		0.5806		-3.4957		-2.9151		0.2069
0.502		0.5812		-3.4964		-2.9151		0.2071
0.504		0.5818		-3.4969		-2.9152		0.2073
0.506		0.5822		-3.4974		-2.9152		0.2075
0.508		0.5827		-3.4978		-2.9152		0.2077
0.510		0.5830		-3.4982		-2.9152		0.2078
0.512		0.5833		-3.4985		-2.9152		0.2079
0.514		0.5835		-3.4988		-2.9152		0.2081
0.516		0.5838		-3.4990		-2.9152		0.2082
0.518		0.5840		-3.4992		-2.9153		0.2082
0.520		0.5842		-3.4994		-2.9153		0.2083
0.522		0.5844		-3.4997		-2.9153		0.2084
0.524		0.5847		-3.4999		-2.9153		0.2085
0.526		0.5850		-3.5002		-2.9153		0.2087
0.528		0.5853		-3.5006		-2.9153		0.2088
0.530		0.5857		-3.5010		-2.9153		0.2090
0.532		0.5862		-3.5015		-2.9153		0.2092
0.534		0.5868		-3.5021		-2.9153		0.2094
0.536		0.5875		-3.5028		-2.9152		0.2097
0.538		0.5884		-3.5036		-2.9152		0.2100
0.540		0.5893		-3.5045		-2.9152		0.2103
0.542		0.5903		-3.5055		-2.9152		0.2107
0.544		0.5914		-3.5066		-2.9152		0.2111
0.546		0.5926		-3.5078		-2.9152		0.2116
0.548		0.5939		-3.5091		-2.9152		0.2120
0.550		0.5953		-3.5105		-2.9152		0.2125
0.552		0.5967		-3.5119		-2.9152		0.2131
0.554		0.5982		-3.5134		-2.9152		0.2136
0.556		0.5997		-3.5149		-2.9152		0.2142
0.558		0.6012		-3.5164		-2.9152		0.2147
0.560		0.6027		-3.5179		-2.9152		0.2153
0.562		0.6042		-3.5195		-2.9152		0.2158
0.564		0.6057		-3.5209		-2.9152		0.2164
0.566		0.6071		-3.5223		-2.9153		0.2169
0.568		0.6084		-3.5237		-2.9153		0.2174
0.570		0.6097		-3.5250		-2.9153		0.2178
0.572		0.6109		-3.5262		-2.9153		0.2183
0.574		0.6120		-3.5273		-2.9153		0.2187
0.576		0.6130		-3.5283		-2.9153		0.2191
0.578		0.6139		-3.5293		-2.9154		0.2194
0.580		0.6147		-3.5301		-2.9154		0.2197
0.582		0.6155		-3.5309		-2.9154		0.2200
0.584		0.6161		-3.5315		-2.9154		0.2202
0.586		0.6167		-3.5321		-2.9154		0.2204
0.588		0.6172		-3.5326		-2.9154		0.2206
0.590		0.6176		-3.5330		-2.9154		0.2208
0.592		0.6180		-3.5334		-2.9154		0.2210
0.594		0.6183		-3.5338		-2.9154		0.2211
0.596		0.6187		-3.5341		-2.9154		0.2212
0.598		0.6190		-3.5344		-2.9154		0.2214
0.600		0.6193		-3.5347		-2.9154		0.2215
0.602		0.6196		-3.5350		-2.9154		0.2216
0.604		0.6200		-3.5354		-2.9154		0.2217
0.606		0.6204		-3.5358		-2.9154		0.2219
0.608		0.6208		-3.5362		-2.9154		0.2221
0.610		0.6213		-3.5367		-2.9154		0.2223
0.612		0.6218		-3.5372		-2.9154		0.2225
0.614		0.6225		-3.5379		-2.9154		0.2227
0.616		0.6232		-3.5386		-2.9154		0.2230
0.618		0.6240		-3.5393		-2.9153		0.2233
0.620		0.6249		-3.5402		-2.9153		0.2236
0.622		0.6258		-3.5412		-2.9153		0.2240
0.624		0.6269		-3.5422		-2.9153		0.2244
0.626		0.6280		-3.5433		-2.9153		0.2248
0.628		0.6293		-3.5445		-2.9153		0.2252
0.630		0.6305		-3.5458		-2.9152		0.2257
0.632		0.6319		-3.5471		-2.9152		0.2262
0.634		0.6333		-3.5485		-2.9152		0.2267
0.636		0.6348		-3.5500		-2.9152		0.2273
0.638		0.6363		-3.5515		-2.9152		0.2278
0.640		0.6379		-3.5530		-2.9152		0.2284
0.642		0.6394		-3.5546		-2.9152		0.2289
0.644		0.6410		-3.5562		-2.9152		0.2295
0.646		0.6427		-3.5578		-2.9151		0.2301
0.648		0.6443		-3.5594		-2.9151		0.2307
0.650		0.6459		-3.5611		-2.9151		0.2313
0.652		0.6476		-3.5627		-2.9151		0.2319
0.654		0.6492		-3.5643		-2.9151		0.2325
0.656		0.6508		-3.5659		-2.9151		0.2331
0.658		0.6524		-3.5675		-2.9151		0.2337
0.660		0.6540		-3.5690		-2.9151		0.2342
0.662		0.6555		-3.5705		-2.9150		0.2348
0.664		0.6570		-3.5720		-2.9150		0.2353
0.666		0.6585		-3.5735		-2.9150		0.2359
0.668		0.6599		-3.5749		-2.9150		0.2364
0.670		0.6612		-3.5762		-2.9150		0.2369
0.672		0.6625		-3.5775		-2.9150		0.2373
0.674		0.6637		-3.5787		-2.9150		0.2378
0.676		0.6649		-3.5798		-2.9150		0.2382
0.678		0.6659		-3.5809		-2.9150		0.2386
0.680		0.6669		-3.5819		-2.9149		0.2390
0.682		0.6679		-3.5828		-2.9149		0.2393
0.684		0.6687		-3.5836		-2.9149		0.2396
0.686		0.6695		-3.5844		-2.9149		0.2399
0.688		0.6702		-3.5851		-2.9149		0.2402
0.690		0.6708		-3.5857		-2.9149		0.2404
0.692		0.6714		-3.5862		-2.9149		0.2406
0.694		0.6718		-3.5867		-2.9149		0.2408
0.696		0.6723		-3.5871		-2.9148		0.2410
0.698		0.6726		-3.5874		-2.9148		0.2411
0.700		0.6729		-3.5877		-2.9148		0.2413
0.702		0.6732		-3.5880		-2.9148		0.2414
0.704		0.6734		-3.5882		-2.9148		0.2415
0.706		0.6736		-3.5884		-2.9147		0.2416
0.708		0.6738		-3.5885		-2.9147		0.2416
0.710		0.6740		-3.5887		-2.9147		0.2417
0.712		0.6742		-3.5888		-2.9147		0.2418
0.714		0.6744		-3.5890		-2.9146		0.2419
0.716		0.6746		-3.5892		-2.9146		0.2420
0.718		0.6748		-3.5894		-2.9146		0.2421
0.720		0.6751		-3.5896		-2.9145		0.2422
0.722		0.6754		-3.5898		-2.9145		0.2423
0.724		0.6757		-3.5902		-2.9145		0.2424
0.726		0.6761		-3.5905		-2.9144		0.2426
0.728		0.6765		-3.5909		-2.9144		0.2428
0.730		0.6770		-3.5914		-2.9144		0.2429
0.732		0.6776		-3.5919		-2.9143		0.2432
0.734		0.6782		-3.5925		-2.9143		0.2434
0.736		0.6789		-3.5931		-2.9142		0.2437
0.738		0.6796		-3.5938		-2.9142		0.2439
0.740		0.6804		-3.5946		-2.9142		0.2442
0.742		0.6812		-3.5954		-2.9141		0.2445
0.744		0.6821		-3.5962		-2.9141		0.2449
0.746		0.6830		-3.5971		-2.9141		0.2452
0.748		0.6839		-3.5980		-2.9141		0.2456
0.750		0.6849		-3.5989		-2.9140		0.2459
0.752		0.6858		-3.5998		-2.9140		0.2463
0.754		0.6868		-3.6007		-2.9140		0.2466
0.756		0.6877		-3.6016		-2.9140		0.2470
0.758		0.6886		-3.6025		-2.9139		0.2473
0.760		0.6895		-3.6034		-2.9139		0.2476
0.762		0.6903		-3.6042		-2.9139		0.2479
0.764		0.6911		-3.6050		-2.9139		0.2482
0.766		0.6919		-3.6057		-2.9139		0.2485
0.768		0.6926		-3.6064		-2.9138		0.2488
0.770		0.6933		-3.6071		-2.9138		0.2491
0.772		0.6939		-3.6077		-2.9138		0.2493
0.774		0.6946		-3.6083		-2.9138		0.2496
0.776		0.6952		-3.6089		-2.9138		0.2498
0.778		0.6958		-3.6095		-2.9137		0.2500
0.780		0.6964		-3.6101		-2.9137		0.2503
0.782		0.6970		-3.6107		-2.9137		0.2505
0.784		0.6977		-3.6113		-2.9137		0.2507
0.786		0.6983		-3.6120		-2.9136		0.2510
0.788		0.6990		-3.6126		-2.9136		0.2513
0.790		0.6998		-3.6134		-2.9136		0.2515
0.792		0.7006		-3.6141		-2.9135		0.2518
0.794		0.7014		-3.6149		-2.9135		0.2522
0.796		0.7023		-3.6158		-2.9135		0.2525
0.798		0.7032		-3.6167		-2.9134		0.2528
0.800		0.7042		-3.6176		-2.9134		0.2532
0.802		0.7052		-3.6185		-2.9134		0.2535
0.804		0.7061		-3.6195		-2.9134		0.2539
0.806		0.7071		-3.6205		-2.9133		0.2543
0.808		0.7081		-3.6215		-2.9133		0.2547
0.810		0.7091		-3.6224		-2.9133		0.2550
0.812		0.7101		-3.6234		-2.9133		0.2554
0.814		0.7111		-3.6244		-2.9133		0.2558
0.816		0.7121		-3.6253		-2.9132		0.2561
0.818		0.7130		-3.6262		-2.9132		0.2565
0.820		0.7139		-3.6271		-2.9132		0.2568
0.822		0.7148		-3.6280		-2.9132		0.2572
0.824		0.7157		-3.6289		-2.9132		0.2575
0.826		0.7166		-3.6297		-2.9132		0.2578
0.828		0.7174		-3.6306		-2.9131		0.2581
0.830		0.7182		-3.6314		-2.9131		0.2584
0.832		0.7190		-3.6321		-2.9131		0.2587
0.834		0.7198		-3.6329		-2.9131		0.2590
0.836		0.7205		-3.6336		-2.9131		0.2593
0.838		0.7212		-3.6343		-2.9131		0.2596
0.840		0.7219		-3.6350		-2.9131		0.2598
0.842		0.7225		-3.6356		-2.9131		0.2600
0.844		0.7231		-3.6361		-2.9131		0.2603
0.846		0.7236		-3.6366		-2.9131		0.2605
0.848		0.7240		-3.6371		-2.9131		0.2606
0.850		0.7244		-3.6375		-2.9131		0.2608
0.852		0.7248		-3.6378		-2.9130		0.2609
0.854		0.7250		-3.6381		-2.9130		0.2610
0.856		0.7253		-3.6383		-2.9130		0.2611
0.858		0.7255		-3.6385		-2.9130		0.2612
0.860		0.7256		-3.6386		-2.9130		0.2613
0.862		0.7257		-3.6387		-2.9130		0.2613
0.864		0.7257		-3.6387		-2.9130		0.2614
0.866		0.7257		-3.6387		-2.9130		0.2614
0.868		0.7257		-3.6387		-2.9130		0.2614
0.870		0.7256		-3.6386		-2.9130		0.2614
0.872		0.7255		-3.6385		-2.9130		0.2613
0.874		0.7253		-3.6383		-2.9130		0.2613
0.876		0.7251		-3.6382		-2.9130		0.2613
0.878		0.7249		-3.6379		-2.9130		0.2612
0.880		0.7247		-3.6377		-2.9130		0.2611
0.882		0.7244		-3.6374		-2.9130		0.2611
0.884		0.7241		-3.6371		-2.9130		0.2610
0.886		0.7237		-3.6368		-2.9130		0.2608
0.888		0.7233		-3.6364		-2.9130		0.2607
0.890		0.7229		-3.6359		-2.9130		0.2606
0.892		0.7224		-3.6354		-2.9130		0.2604
0.894		0.7218		-3.6349		-2.9130		0.2602
0.896		0.7212		-3.6343		-2.9130		0.2600
0.898		0.7205		-3.6336		-2.9130		0.2598
0.900		0.7198		-3.6329		-2.9130		0.2596
0.902		0.7190		-3.6321		-2.9130		0.2593
0.904		0.7182		-3.6313		-2.9131		0.2590
0.906		0.7173		-3.6304		-2.9131		0.2587
0.908		0.7164		-3.6295		-2.9131		0.2584
0.910		0.7155		-3.6285		-2.9131		0.2581
0.912		0.7145		-3.6276		-2.9130		0.2578
0.914		0.7136		-3.6266		-2.9130		0.2575
0.916		0.7127		-3.6257		-2.9130		0.2572
0.918		0.7118		-3.6248		-2.9130		0.2569
0.920		0.7110		-3.6240		-2.9130		0.2566
0.922		0.7103		-3.6233		-2.9130		0.2564
0.924		0.7097		-3.6226		-2.9130		0.2562
0.926		0.7092		-3.6221		-2.9129		0.2560
0.928		0.7089		-3.6218		-2.9129		0.2559
0.930		0.7087		-3.6216		-2.9129		0.2559
0.932		0.7088		-3.6216		-2.9128		0.2559
0.934		0.7090		-3.6218		-2.9128		0.2560
0.936		0.7095		-3.6222		-2.9127		0.2562
0.938		0.7101		-3.6228		-2.9127		0.2564
0.940		0.7111		-3.6237		-2.9126		0.2568
0.942		0.7122		-3.6248		-2.9126		0.2572
0.944		0.7136		-3.6262		-2.9125		0.2577
0.946		0.7153		-3.6278		-2.9125		0.2583
0.948		0.7172		-3.6296		-2.9124		0.2590
0.950		0.7193		-3.6317		-2.9124		0.2598
0.952		0.7216		-3.6340		-2.9123		0.2606
0.954		0.7242		-3.6365		-2.9123		0.2615
0.956		0.7269		-3.6391		-2.9122		0.2625
0.958		0.7297		-3.6420		-2.9122		0.2635
0.960		0.7327		-3.6449		-2.9122		0.2646
0.962		0.7358		-3.6479		-2.9121		0.2657
0.964		0.7389		-3.6510		-2.9121		0.2668
0.966		0.7420		-3.6541		-2.9121		0.2679
0.968		0.7450		-3.6571		-2.9121		0.2690
0.970		0.7479		-3.6600		-2.9121		0.2701
0.972		0.7508		-3.6628		-2.9121		0.2711
0.974		0.7534		-3.6655		-2.9121		0.2721
0.976		0.7558		-3.6679		-2.9121		0.2730
0.978		0.7580		-3.6701		-2.9121		0.2737
0.980		0.7599		-3.6720		-2.9121		0.2744
0.982		0.7615		-3.6736		-2.9121		0.2750
0.984		0.7628		-3.6749		-2.9122		0.2755
0.986		0.7637		-3.6759		-2.9122		0.2758
0.988		0.7643		-3.6765		-2.9122		0.2761
0.990		0.7646		-3.6768		-2.9122		0.2762
0.992		0.7644		-3.6767		-2.9122		0.2761
0.994		0.7640		-3.6762		-2.9123		0.2760
0.996		0.7632		-3.6755		-2.9123		0.2757
0.998		0.7621		-3.6744		-2.9123		0.2753
1.000		0.7607		-3.6730		-2.9123		0.2749
1.002		0.7591		-3.6714		-2.9123		0.2743
1.004		0.7573		-3.6696		-2.9123		0.2736
1.006		0.7552		-3.6675		-2.9123		0.2729
1.008		0.7531		-3.6654		-2.9123		0.2722
1.010		0.7508		-3.6631		-2.9123		0.2714
1.012		0.7485		-3.6608		-2.9123		0.2706
1.014		0.7462		-3.6585		-2.9123		0.2698
1.016		0.7440		-3.6562		-2.9122		0.2690
1.018		0.7419		-3.6541		-2.9122		0.2683
1.020		0.7399		-3.6521		-2.9121		0.2676
1.022		0.7382		-3.6503		-2.9121		0.2670
1.024		0.7367		-3.6487		-2.9120		0.2664
1.026		0.7354		-3.6474		-2.9120		0.2660
1.028		0.7345		-3.6464		-2.9119		0.2657
1.030		0.7339		-3.6458		-2.9119		0.2655
1.032		0.7336		-3.6455		-2.9118		0.2654
1.034		0.7337		-3.6455		-2.9118		0.2654
1.036		0.7341		-3.6458		-2.9117		0.2656
1.038		0.7349		-3.6466		-2.9117		0.2659
1.040		0.7360		-3.6476		-2.9116		0.2663
1.042		0.7373		-3.6489		-2.9116		0.2668
1.044		0.7390		-3.6506		-2.9116		0.2674
1.046		0.7409		-3.6524		-2.9115		0.2681
1.048		0.7430		-3.6546		-2.9115		0.2688
1.050		0.7454		-3.6569		-2.9115		0.2696
1.052		0.7478		-3.6593		-2.9115		0.2705
1.054		0.7504		-3.6619		-2.9115		0.2715
1.056		0.7531		-3.6645		-2.9115		0.2724
1.058		0.7558		-3.6673		-2.9115		0.2734
1.060		0.7585		-3.6700		-2.9115		0.2744
1.062		0.7612		-3.6727		-2.9115		0.2753
1.064		0.7639		-3.6754		-2.9115		0.2763
1.066		0.7665		-3.6780		-2.9115		0.2772
1.068		0.7690		-3.6805		-2.9116		0.2781
1.070		0.7714		-3.6830		-2.9116		0.2790
1.072		0.7737		-3.6853		-2.9116		0.2798
1.074		0.7760		-3.6876		-2.9116		0.2806
1.076		0.7781		-3.6897		-2.9116		0.2814
1.078		0.7801		-3.6918		-2.9116		0.2821
1.080		0.7821		-3.6937		-2.9117		0.2828
1.082		0.7839		-3.6956		-2.9117		0.2834
1.084		0.7857		-3.6974		-2.9117		0.2841
1.086		0.7874		-3.6991		-2.9117		0.2847
1.088		0.7890		-3.7007		-2.9117		0.2853
1.090		0.7906		-3.7023		-2.9117		0.2858
1.092		0.7922		-3.7039		-2.9117		0.2864
1.094		0.7936		-3.7054		-2.9117		0.2869
1.096		0.7951		-3.7068		-2.9117		0.2874
1.098		0.7964		-3.7081		-2.9117		0.2879
1.100		0.7977		-3.7094		-2.9117		0.2883
1.102		0.7989		-3.7107		-2.9118		0.2888
1.104		0.8000		-3.7118		-2.9118		0.2892
1.106		0.8010		-3.7128		-2.9118		0.2895
1.108		0.8020		-3.7138		-2.9118		0.2899
1.110		0.8028		-3.7146		-2.9118		0.2902
1.112		0.8036		-3.7154		-2.9118		0.2904
1.114		0.8042		-3.7160		-2.9118		0.2907
1.116		0.8047		-3.7166		-2.9118		0.2909
1.118		0.8052		-3.7170		-2.9119		0.2910
1.120		0.8055		-3.7174		-2.9119		0.2912
1.122		0.8058		-3.7177		-2.9119		0.2913
1.124		0.8060		-3.7179		-2.9119		0.2913
1.126		0.8061		-3.7180		-2.9119		0.2914
1.128		0.8062		-3.7181		-2.9119		0.2914
1.130		0.8062		-3.7181		-2.9119		0.2914
1.132		0.8062		-3.7180		-2.9119		0.2914
1.134		0.8060		-3.7179		-2.9119		0.2913
1.136		0.8059		-3.7178		-2.9119		0.2913
1.138		0.8057		-3.7176		-2.9119		0.2912
1.140		0.8055		-3.7174		-2.9119		0.2911
1.142		0.8052		-3.7171		-2.9119		0.2910
1.144		0.8049		-3.7168		-2.9119		0.2909
1.146		0.8046		-3.7165		-2.9119		0.2908
1.148		0.8043		-3.7162		-2.9119		0.2907
1.150		0.8040		-3.7159		-2.9119		0.2906
1.152		0.8037		-3.7156		-2.9119		0.2905
1.154		0.8035		-3.7154		-2.9119		0.2905
1.156		0.8034		-3.7152		-2.9118		0.2904
1.158		0.8034		-3.7152		-2.9118		0.2904
1.160		0.8035		-3.7153		-2.9118		0.2904
1.162		0.8038		-3.7155		-2.9118		0.2905
1.164		0.8042		-3.7159		-2.9117		0.2907
1.166		0.8048		-3.7165		-2.9117		0.2909
1.168		0.8057		-3.7173		-2.9117		0.2912
1.170		0.8067		-3.7183		-2.9116		0.2916
1.172		0.8079		-3.7195		-2.9116		0.2920
1.174		0.8092		-3.7208		-2.9116		0.2925
1.176		0.8107		-3.7223		-2.9116		0.2930
1.178		0.8122		-3.7238		-2.9116		0.2936
1.180		0.8139		-3.7254		-2.9116		0.2942
1.182		0.8155		-3.7271		-2.9116		0.2947
1.184		0.8172		-3.7288		-2.9116		0.2953
1.186		0.8188		-3.7304		-2.9116		0.2959
1.188		0.8204		-3.7320		-2.9116		0.2965
1.190		0.8220		-3.7335		-2.9116		0.2970
1.192		0.8234		-3.7350		-2.9116		0.2976
1.194		0.8248		-3.7364		-2.9116		0.2981
1.196		0.8261		-3.7377		-2.9116		0.2985
1.198		0.8274		-3.7390		-2.9116		0.2990
1.200		0.8286		-3.7402		-2.9116		0.2994
1.202		0.8297		-3.7413		-2.9116		0.2998
1.204		0.8309		-3.7424		-2.9116		0.3002
1.206		0.8320		-3.7435		-2.9116		0.3006
1.208		0.8331		-3.7447		-2.9116		0.3010
1.210		0.8343		-3.7458		-2.9115		0.3014
1.212		0.8355		-3.7470		-2.9115		0.3019
1.214		0.8367		-3.7482		-2.9115		0.3023
1.216		0.8380		-3.7495		-2.9115		0.3028
1.218		0.8394		-3.7508		-2.9115		0.3033
1.220		0.8408		-3.7522		-2.9114		0.3038
1.222		0.8423		-3.7537		-2.9114		0.3043
1.224		0.8438		-3.7552		-2.9114		0.3049
1.226		0.8453		-3.7567		-2.9114		0.3054
1.228		0.8469		-3.7583		-2.9114		0.3060
1.230		0.8485		-3.7598		-2.9113		0.3065
1.232		0.8500		-3.7613		-2.9113		0.3071
1.234		0.8515		-3.7628		-2.9113		0.3076
1.236		0.8529		-3.7643		-2.9113		0.3082
1.238		0.8543		-3.7656		-2.9113		0.3086
1.240		0.8555		-3.7668		-2.9113		0.3091
1.242		0.8566		-3.7680		-2.9113		0.3095
1.244		0.8576		-3.7690		-2.9114		0.3099
1.246		0.8585		-3.7699		-2.9114		0.3102
1.248		0.8592		-3.7706		-2.9114		0.3104
1.250		0.8598		-3.7712		-2.9114		0.3107
1.252		0.8602		-3.7716		-2.9114		0.3108
1.254		0.8605		-3.7719		-2.9114		0.3109
1.256		0.8606		-3.7721		-2.9114		0.3110
1.258		0.8607		-3.7721		-2.9114		0.3110
1.260		0.8606		-3.7720		-2.9114		0.3110
1.262		0.8604		-3.7718		-2.9114		0.3109
1.264		0.8601		-3.7715		-2.9114		0.3108
1.266		0.8597		-3.7712		-2.9115		0.3107
1.268		0.8593		-3.7707		-2.9115		0.3106
1.270		0.8588		-3.7703		-2.9115		0.3104
1.272		0.8583		-3.7698		-2.9114		0.3103
1.274		0.8578		-3.7692		-2.9114		0.3101
1.276		0.8573		-3.7687		-2.9114		0.3099
1.278		0.8568		-3.7682		-2.9114		0.3098
1.280		0.8563		-3.7677		-2.9114		0.3096
1.282		0.8558		-3.7672		-2.9114		0.3095
1.284		0.8554		-3.7668		-2.9114		0.3093
1.286		0.8550		-3.7664		-2.9114		0.3092
1.288		0.8546		-3.7660		-2.9114		0.3091
1.290		0.8543		-3.7657		-2.9114		0.3090
1.292		0.8541		-3.7655		-2.9114		0.3089
1.294		0.8539		-3.7652		-2.9114		0.3089
1.296		0.8537		-3.7650		-2.9114		0.3088
1.298		0.8535		-3.7649		-2.9114		0.3088
1.300		0.8534		-3.7647		-2.9114		0.3087
1.302		0.8532		-3.7646		-2.9114		0.3087
1.304		0.8531		-3.7645		-2.9114		0.3087
1.306		0.8530		-3.7644		-2.9114		0.3087
1.308		0.8529		-3.7642		-2.9114		0.3086
1.310		0.8528		-3.7641		-2.9114		0.3086
1.312		0.8526		-3.7640		-2.9114		0.3086
1.314		0.8525		-3.7638		-2.9114		0.3085
1.316		0.8523		-3.7636		-2.9114		0.3085
1.318		0.8521		-3.7634		-2.9114		0.3084
1.320		0.8518		-3.7632		-2.9114		0.3083
1.322		0.8515		-3.7629		-2.9114		0.3083
1.324		0.8512		-3.7626		-2.9114		0.3082
1.326		0.8509		-3.7623		-2.9114		0.3081
1.328		0.8505		-3.7619		-2.9114		0.3079
1.330		0.8501		-3.7615		-2.9114		0.3078
1.332		0.8496		-3.7611		-2.9114		0.3077
1.334		0.8492		-3.7606		-2.9114		0.3075
1.336		0.8487		-3.7601		-2.9114		0.3073
1.338		0.8481		-3.7596		-2.9114		0.3072
1.340		0.8476		-3.7591		-2.9115		0.3070
1.342		0.8471		-3.7585		-2.9115		0.3068
1.344		0.8465		-3.7580		-2.9115		0.3066
1.346		0.8460		-3.7574		-2.9115		0.3064
1.348		0.8455		-3.7569		-2.9115		0.3063
1.350		0.8450		-3.7564		-2.9115		0.3061
1.352		0.8445		-3.7560		-2.9115		0.3060
1.354		0.8441		-3.7556		-2.9115		0.3058
1.356		0.8438		-3.7553		-2.9115		0.3057
1.358		0.8436		-3.7550		-2.9115		0.3056
1.360		0.8434		-3.7548		-2.9115		0.3056
1.362		0.8433		-3.7547		-2.9115		0.3056
1.364		0.8432		-3.7547		-2.9115		0.3056
1.366		0.8433		-3.7548		-2.9115		0.3056
1.368		0.8434		-3.7549		-2.9115		0.3056
1.370		0.8437		-3.7551		-2.9115		0.3057
1.372		0.8440		-3.7554		-2.9115		0.3058
1.374		0.8444		-3.7558		-2.9115		0.3060
1.376		0.8448		-3.7563		-2.9115		0.3062
1.378		0.8453		-3.7568		-2.9114		0.3063
1.380		0.8459		-3.7573		-2.9114		0.3066
1.382		0.8465		-3.7580		-2.9114		0.3068
1.384		0.8472		-3.7586		-2.9114		0.3070
1.386		0.8478		-3.7593		-2.9114		0.3073
1.388		0.8486		-3.7600		-2.9114		0.3075
1.390		0.8493		-3.7607		-2.9114		0.3078
1.392		0.8500		-3.7614		-2.9114		0.3080
1.394		0.8506		-3.7621		-2.9114		0.3083
1.396		0.8513		-3.7628		-2.9114		0.3085
1.398		0.8519		-3.7634		-2.9114		0.3087
1.400		0.8525		-3.7640		-2.9114		0.3090
1.402		0.8531		-3.7645		-2.9114		0.3091
1.404		0.8536		-3.7650		-2.9114		0.3093
1.406		0.8540		-3.7655		-2.9115		0.3095
1.408		0.8544		-3.7658		-2.9115		0.3096
1.410		0.8547		-3.7662		-2.9115		0.3097
1.412		0.8550		-3.7665		-2.9115		0.3099
1.414		0.8553		-3.7667		-2.9115		0.3099
1.416		0.8555		-3.7669		-2.9115		0.3100
1.418		0.8556		-3.7671		-2.9115		0.3101
1.420		0.8558		-3.7672		-2.9115		0.3101
1.422		0.8559		-3.7673		-2.9115		0.3102
1.424		0.8559		-3.7674		-2.9115		0.3102
1.426		0.8559		-3.7674		-2.9115		0.3102
1.428		0.8558		-3.7673		-2.9115		0.3101
1.430		0.8557		-3.7671		-2.9115		0.3101
1.432		0.8554		-3.7669		-2.9115		0.3100
1.434		0.8551		-3.7666		-2.9115		0.3099
1.436		0.8547		-3.7662		-2.9115		0.3097
1.438		0.8542		-3.7658		-2.9115		0.3096
1.440		0.8536		-3.7652		-2.9116		0.3094
1.442		0.8530		-3.7646		-2.9116		0.3091
1.444		0.8523		-3.7639		-2.9116		0.3089
1.446		0.8516		-3.7632		-2.9116		0.3086
1.448		0.8509		-3.7625		-2.9116		0.3084
1.450		0.8502		-3.7618		-2.9116		0.3081
1.452		0.8496		-3.7612		-2.9116		0.3079
1.454		0.8491		-3.7606		-2.9115		0.3077
1.456		0.8487		-3.7602		-2.9115		0.3076
1.458		0.8484		-3.7598		-2.9115		0.3075
1.460		0.8482		-3.7596		-2.9115		0.3074
1.462		0.8481		-3.7596		-2.9114		0.3074
1.464		0.8482		-3.7596		-2.9114		0.3074
1.466		0.8484		-3.7598		-2.9114		0.3075
1.468		0.8488		-3.7601		-2.9114		0.3076
1.470		0.8492		-3.7605		-2.9114		0.3077
1.472		0.8496		-3.7609		-2.9113		0.3079
1.474		0.8501		-3.7614		-2.9113		0.3081
1.476		0.8506		-3.7619		-2.9113		0.3083
1.478		0.8511		-3.7624		-2.9113		0.3084
1.480		0.8516		-3.7629		-2.9113		0.3086
1.482		0.8520		-3.7632		-2.9113		0.3087
1.484		0.8523		-3.7636		-2.9113		0.3089
1.486		0.8526		-3.7638		-2.9113		0.3090
1.488		0.8527		-3.7640		-2.9113		0.3090
1.490		0.8528		-3.7641		-2.9113		0.3090
1.492		0.8528		-3.7641		-2.9113		0.3090
1.494		0.8527		-3.7640		-2.9113		0.3090
1.496		0.8525		-3.7638		-2.9112		0.3089
1.498		0.8523		-3.7635		-2.9112		0.3088
1.500		0.8520		-3.7632		-2.9112		0.3087
1.502		0.8516		-3.7628		-2.9112		0.3086
1.504		0.8512		-3.7623		-2.9112		0.3084
1.506		0.8507		-3.7619		-2.9112		0.3083
1.508		0.8502		-3.7614		-2.9112		0.3081
1.510		0.8497		-3.7609		-2.9111		0.3079
1.512		0.8493		-3.7604		-2.9111		0.3078
1.514		0.8489		-3.7599		-2.9111		0.3076
1.516		0.8485		-3.7595		-2.9110		0.3075
1.518		0.8482		-3.7592		-2.9110		0.3074
1.520		0.8480		-3.7590		-2.9109		0.3073
1.522		0.8479		-3.7588		-2.9109		0.3073
1.524		0.8479		-3.7588		-2.9109		0.3073
1.526		0.8481		-3.7589		-2.9108		0.3073
1.528		0.8483		-3.7590		-2.9108		0.3074
1.530		0.8486		-3.7593		-2.9107		0.3075
1.532		0.8490		-3.7597		-2.9106		0.3077
1.534		0.8495		-3.7601		-2.9106		0.3078
1.536		0.8500		-3.7605		-2.9106		0.3080
1.538		0.8505		-3.7610		-2.9105		0.3082
1.540		0.8509		-3.7614		-2.9105		0.3084
1.542		0.8513		-3.7617		-2.9104		0.3085
1.544		0.8517		-3.7620		-2.9104		0.3086
1.546		0.8519		-3.7622		-2.9103		0.3087
1.548		0.8520		-3.7623		-2.9103		0.3087
1.550		0.8519		-3.7621		-2.9102		0.3087
1.552		0.8517		-3.7619		-2.9102		0.3086
1.554		0.8513		-3.7614		-2.9102		0.3085
1.556		0.8507		-3.7608		-2.9101		0.3083
1.558		0.8499		-3.7600		-2.9101		0.3080
1.560		0.8490		-3.7590		-2.9100		0.3077
1.562		0.8478		-3.7578		-2.9100		0.3073
1.564		0.8465		-3.7565		-2.9099		0.3068
1.566		0.8451		-3.7549		-2.9099		0.3063
1.568		0.8435		-3.7533		-2.9098		0.3057
1.570		0.8417		-3.7515		-2.9098		0.3051
1.572		0.8399		-3.7496		-2.9097		0.3044
1.574		0.8379		-3.7475		-2.9096		0.3037
1.576		0.8358		-3.7454		-2.9096		0.3030
1.578		0.8337		-3.7433		-2.9095		0.3023
1.580		0.8316		-3.7410		-2.9095		0.3015
1.582		0.8294		-3.7388		-2.9094		0.3007
1.584		0.8272		-3.7366		-2.9093		0.2999
1.586		0.8251		-3.7344		-2.9093		0.2992
1.588		0.8230		-3.7322		-2.9092		0.2984
1.590		0.8210		-3.7301		-2.9092		0.2977
1.592		0.8191		-3.7282		-2.9091		0.2970
1.594		0.8173		-3.7263		-2.9090		0.2964
1.596		0.8157		-3.7247		-2.9090		0.2958
1.598		0.8143		-3.7232		-2.9089		0.2953
1.600		0.8132		-3.7220		-2.9088		0.2949
1.602		0.8123		-3.7210		-2.9088		0.2946
1.604		0.8116		-3.7203		-2.9087		0.2944
1.606		0.8113		-3.7199		-2.9086		0.2943
1.608		0.8113		-3.7199		-2.9086		0.2942
1.610		0.8116		-3.7201		-2.9085		0.2943
1.612		0.8122		-3.7206		-2.9085		0.2946
1.614		0.8131		-3.7215		-2.9084		0.2949
1.616		0.8143		-3.7227		-2.9083		0.2953
1.618		0.8158		-3.7241		-2.9083		0.2958
1.620		0.8176		-3.7258		-2.9083		0.2965
1.622		0.8195		-3.7278		-2.9082		0.2972
1.624		0.8217		-3.7299		-2.9082		0.2979
1.626		0.8241		-3.7323		-2.9082		0.2988
1.628		0.8266		-3.7348		-2.9081		0.2997
1.630		0.8293		-3.7374		-2.9081		0.3006
1.632		0.8320		-3.7401		-2.9081		0.3016
1.634		0.8348		-3.7429		-2.9081		0.3026
1.636		0.8376		-3.7457		-2.9081		0.3035
1.638		0.8404		-3.7485		-2.9081		0.3045
1.640		0.8432		-3.7513		-2.9081		0.3055
1.642		0.8459		-3.7540		-2.9081		0.3065
1.644		0.8486		-3.7567		-2.9081		0.3074
1.646		0.8512		-3.7593		-2.9081		0.3084
1.648		0.8538		-3.7619		-2.9081		0.3093
1.650		0.8562		-3.7643		-2.9081		0.3101
1.652		0.8585		-3.7666		-2.9081		0.3109
1.654		0.8608		-3.7689		-2.9081		0.3117
1.656		0.8629		-3.7710		-2.9081		0.3125
1.658		0.8650		-3.7731		-2.9081		0.3132
1.660		0.8669		-3.7751		-2.9081		0.3139
1.662		0.8688		-3.7770		-2.9081		0.3146
1.664		0.8707		-3.7788		-2.9081		0.3152
1.666		0.8725		-3.7806		-2.9081		0.3159
1.668		0.8742		-3.7823		-2.9081		0.3165
1.670		0.8759		-3.7840		-2.9081		0.3171
1.672		0.8775		-3.7856		-2.9081		0.3176
1.674		0.8791		-3.7872		-2.9081		0.3182
1.676		0.8806		-3.7887		-2.9081		0.3187
1.678		0.8821		-3.7902		-2.9081		0.3193
1.680		0.8835		-3.7916		-2.9081		0.3198
1.682		0.8848		-3.7929		-2.9081		0.3202
1.684		0.8860		-3.7942		-2.9081		0.3207
1.686		0.8872		-3.7953		-2.9081		0.3211
1.688		0.8882		-3.7964		-2.9081		0.3214
1.690		0.8891		-3.7973		-2.9082		0.3218
1.692		0.8899		-3.7981		-2.9082		0.3220
1.694		0.8905		-3.7987		-2.9082		0.3222
1.696		0.8909		-3.7992		-2.9082		0.3224
1.698		0.8912		-3.7995		-2.9083		0.3225
1.700		0.8914		-3.7997		-2.9083		0.3226
1.702		0.8914		-3.7997		-2.9083		0.3226
1.704		0.8912		-3.7996		-2.9083		0.3225
1.706		0.8909		-3.7993		-2.9084		0.3224
1.708		0.8906		-3.7990		-2.9084		0.3223
1.710		0.8901		-3.7985		-2.9084		0.3221
1.712		0.8896		-3.7980		-2.9084		0.3219
1.714		0.8890		-3.7975		-2.9085		0.3217
1.716		0.8885		-3.7970		-2.9085		0.3216
1.718		0.8880		-3.7965		-2.9085		0.3214
1.720		0.8875		-3.7960		-2.9085		0.3212
1.722		0.8870		-3.7955		-2.9085		0.3210
1.724		0.8865		-3.7951		-2.9086		0.3209
1.726		0.8861		-3.7947		-2.9086		0.3207
1.728		0.8857		-3.7943		-2.9086		0.3206
1.730		0.8854		-3.7940		-2.9086		0.3205
1.732		0.8850		-3.7936		-2.9086		0.3204
1.734		0.8846		-3.7932		-2.9087		0.3202
1.736		0.8841		-3.7928		-2.9087		0.3201
1.738		0.8836		-3.7923		-2.9087		0.3199
1.740		0.8831		-3.7918		-2.9087		0.3197
1.742		0.8824		-3.7912		-2.9088		0.3195
1.744		0.8817		-3.7905		-2.9088		0.3193
1.746		0.8809		-3.7897		-2.9088		0.3190
1.748		0.8801		-3.7889		-2.9088		0.3187
1.750		0.8791		-3.7880		-2.9089		0.3183
1.752		0.8781		-3.7869		-2.9089		0.3180
1.754		0.8770		-3.7858		-2.9089		0.3176
1.756		0.8758		-3.7847		-2.9089		0.3172
1.758		0.8746		-3.7835		-2.9089		0.3168
1.760		0.8733		-3.7822		-2.9089		0.3163
1.762		0.8720		-3.7809		-2.9089		0.3159
1.764		0.8706		-3.7795		-2.9089		0.3154
1.766		0.8692		-3.7781		-2.9089		0.3149
1.768		0.8677		-3.7766		-2.9089		0.3144
1.770		0.8663		-3.7752		-2.9089		0.3139
1.772		0.8648		-3.7737		-2.9089		0.3134
1.774		0.8633		-3.7722		-2.9088		0.3129
1.776		0.8618		-3.7707		-2.9088		0.3123
1.778		0.8603		-3.7691		-2.9088		0.3118
1.780		0.8588		-3.7676		-2.9088		0.3113
1.782		0.8574		-3.7661		-2.9087		0.3108
1.784		0.8559		-3.7646		-2.9087		0.3103
1.786		0.8545		-3.7632		-2.9087		0.3098
1.788		0.8532		-3.7618		-2.9086		0.3093
1.790		0.8519		-3.7605		-2.9086		0.3089
1.792		0.8507		-3.7592		-2.9085		0.3085
1.794		0.8496		-3.7580		-2.9085		0.3081
1.796		0.8485		-3.7569		-2.9084		0.3077
1.798		0.8476		-3.7559		-2.9083		0.3074
1.800		0.8468		-3.7550		-2.9083		0.3071
1.802		0.8460		-3.7542		-2.9082		0.3069
1.804		0.8455		-3.7536		-2.9081		0.3067
1.806		0.8450		-3.7531		-2.9081		0.3065
1.808		0.8447		-3.7527		-2.9080		0.3064
1.810		0.8445		-3.7524		-2.9079		0.3064
1.812		0.8445		-3.7523		-2.9078		0.3064
1.814		0.8446		-3.7524		-2.9077		0.3064
1.816		0.8449		-3.7525		-2.9076		0.3065
1.818		0.8453		-3.7528		-2.9076		0.3066
1.820		0.8458		-3.7533		-2.9075		0.3068
1.822		0.8464		-3.7538		-2.9074		0.3071
1.824		0.8472		-3.7545		-2.9073		0.3074
1.826		0.8481		-3.7553		-2.9072		0.3077
1.828		0.8492		-3.7563		-2.9071		0.3081
1.830		0.8503		-3.7573		-2.9070		0.3085
1.832		0.8516		-3.7585		-2.9069		0.3089
1.834		0.8530		-3.7598		-2.9068		0.3094
1.836		0.8546		-3.7612		-2.9067		0.3100
1.838		0.8562		-3.7627		-2.9065		0.3106
1.840		0.8580		-3.7644		-2.9064		0.3112
1.842		0.8599		-3.7662		-2.9063		0.3119
1.844		0.8620		-3.7681		-2.9062		0.3126
1.846		0.8641		-3.7702		-2.9060		0.3134
1.848		0.8664		-3.7723		-2.9059		0.3142
1.850		0.8688		-3.7746		-2.9058		0.3151
1.852		0.8713		-3.7770		-2.9056		0.3160
1.854		0.8739		-3.7794		-2.9055		0.3169
1.856		0.8766		-3.7820		-2.9054		0.3179
1.858		0.8794		-3.7846		-2.9052		0.3188
1.860		0.8821		-3.7872		-2.9051		0.3198
1.862		0.8849		-3.7899		-2.9050		0.3208
1.864		0.8877		-3.7926		-2.9048		0.3218
1.866		0.8905		-3.7952		-2.9047		0.3228
1.868		0.8932		-3.7978		-2.9046		0.3238
1.870		0.8958		-3.8003		-2.9045		0.3247
1.872		0.8984		-3.8027		-2.9044		0.3256
1.874		0.9008		-3.8050		-2.9043		0.3264
1.876		0.9030		-3.8072		-2.9042		0.3272
1.878		0.9051		-3.8091		-2.9041		0.3280
1.880		0.9069		-3.8109		-2.9040		0.3286
1.882		0.9085		-3.8124		-2.9039		0.3292
1.884		0.9099		-3.8137		-2.9038		0.3297
1.886		0.9111		-3.8148		-2.9037		0.3301
1.888		0.9120		-3.8156		-2.9036		0.3304
1.890		0.9126		-3.8161		-2.9035		0.3306
1.892		0.9129		-3.8164		-2.9035		0.3307
1.894		0.9130		-3.8164		-2.9034		0.3308
1.896		0.9128		-3.8162		-2.9033		0.3307
1.898		0.9124		-3.8157		-2.9033		0.3306
1.900		0.9118		-3.8150		-2.9032		0.3303
1.902		0.9110		-3.8141		-2.9031		0.3300
1.904		0.9099		-3.8130		-2.9031		0.3297
1.906		0.9087		-3.8117		-2.9030		0.3292
1.908		0.9074		-3.8104		-2.9030		0.3288
1.910		0.9060		-3.8089		-2.9029		0.3282
1.912		0.9044		-3.8073		-2.9028		0.3277
1.914		0.9028		-3.8056		-2.9028		0.3271
1.916		0.9012		-3.8039		-2.9027		0.3265
1.918		0.8995		-3.8021		-2.9027		0.3259
1.920		0.8978		-3.8004		-2.9026		0.3253
1.922		0.8960		-3.7986		-2.9026		0.3247
1.924		0.8943		-3.7969		-2.9026		0.3241
1.926		0.8926		-3.7952		-2.9025		0.3235
1.928		0.8910		-3.7935		-2.9025		0.3229
1.930		0.8893		-3.7918		-2.9024		0.3223
1.932		0.8878		-3.7902		-2.9024		0.3218
1.934		0.8862		-3.7886		-2.9024		0.3212
1.936		0.8848		-3.7871		-2.9024		0.3207
1.938		0.8834		-3.7857		-2.9023		0.3202
1.940		0.8820		-3.7844		-2.9023		0.3197
1.942		0.8808		-3.7831		-2.9023		0.3193
1.944		0.8797		-3.7820		-2.9023		0.3189
1.946		0.8787		-3.7809		-2.9023		0.3185
1.948		0.8778		-3.7800		-2.9022		0.3182
1.950		0.8770		-3.7792		-2.9022		0.3179
1.952		0.8764		-3.7786		-2.9022		0.3177
1.954		0.8758		-3.7780		-2.9022		0.3175
1.956		0.8754		-3.7776		-2.9022		0.3174
1.958		0.8751		-3.7773		-2.9021		0.3173
1.960		0.8749		-3.7771		-2.9021		0.3172
1.962		0.8749		-3.7770		-2.9021		0.3172
1.964		0.8749		-3.7770		-2.9021		0.3172
1.966		0.8751		-3.7771		-2.9021		0.3173
1.968		0.8753		-3.7774		-2.9021		0.3174
1.970		0.8756		-3.7776		-2.9021		0.3175
1.972		0.8759		-3.7780		-2.9021		0.3176
1.974		0.8762		-3.7783		-2.9021		0.3177
1.976		0.8765		-3.7786		-2.9021		0.3178
1.978		0.8767		-3.7788		-2.9021		0.3179
1.980		0.8768		-3.7789		-2.9022		0.3179
1.982		0.8767		-3.7789		-2.9022		0.3179
1.984		0.8763		-3.7786		-2.9022		0.3178
1.986		0.8757		-3.7780		-2.9023		0.3175
1.988		0.8748		-3.7771		-2.9024		0.3172
1.990		0.8735		-3.7759		-2.9024		0.3168
1.992		0.8719		-3.7744		-2.9025		0.3162
1.994		0.8699		-3.7725		-2.9025		0.3155
1.996		0.8676		-3.7702		-2.9026		0.3147
1.998		0.8650		-3.7677		-2.9027		0.3138
2.000		0.8622		-3.7649		-2.9027		0.3128
2.002		0.8592		-3.7619		-2.9027		0.3117
2.004		0.8561		-3.7589		-2.9027		0.3106
2.006		0.8531		-3.7558		-2.9028		0.3095
2.008		0.8501		-3.7528		-2.9027		0.3085
2.010		0.8474		-3.7501		-2.9027		0.3075
2.012		0.8449		-3.7476		-2.9027		0.3066
2.014		0.8429		-3.7456		-2.9026		0.3059
2.016		0.8414		-3.7440		-2.9026		0.3054
2.018		0.8405		-3.7430		-2.9025		0.3051
2.020		0.8402		-3.7426		-2.9024		0.3050
2.022		0.8404		-3.7428		-2.9024		0.3051
2.024		0.8413		-3.7436		-2.9023		0.3054
2.026		0.8428		-3.7450		-2.9022		0.3059
2.028		0.8447		-3.7469		-2.9022		0.3066
2.030		0.8472		-3.7494		-2.9022		0.3075
2.032		0.8500		-3.7522		-2.9021		0.3085
2.034		0.8532		-3.7553		-2.9021		0.3097
2.036		0.8566		-3.7587		-2.9021		0.3109
2.038		0.8601		-3.7622		-2.9021		0.3121
2.040		0.8637		-3.7658		-2.9021		0.3134
2.042		0.8673		-3.7694		-2.9021		0.3147
2.044		0.8708		-3.7729		-2.9021		0.3159
2.046		0.8741		-3.7763		-2.9022		0.3171
2.048		0.8772		-3.7794		-2.9022		0.3183
2.050		0.8801		-3.7824		-2.9022		0.3193
2.052		0.8828		-3.7850		-2.9023		0.3203
2.054		0.8851		-3.7874		-2.9023		0.3211
2.056		0.8871		-3.7895		-2.9023		0.3218
2.058		0.8888		-3.7912		-2.9024		0.3224
2.060		0.8901		-3.7926		-2.9024		0.3229
2.062		0.8911		-3.7936		-2.9025		0.3233
2.064		0.8918		-3.7943		-2.9025		0.3235
2.066		0.8921		-3.7946		-2.9025		0.3236
2.068		0.8921		-3.7947		-2.9026		0.3236
2.070		0.8918		-3.7944		-2.9026		0.3235
2.072		0.8912		-3.7938		-2.9026		0.3233
2.074		0.8903		-3.7929		-2.9026		0.3230
2.076		0.8892		-3.7918		-2.9026		0.3226
2.078		0.8878		-3.7904		-2.9027		0.3221
2.080		0.8862		-3.7889		-2.9027		0.3216
2.082		0.8844		-3.7871		-2.9027		0.3210
2.084		0.8824		-3.7851		-2.9027		0.3203
2.086		0.8802		-3.7830		-2.9027		0.3195
2.088		0.8779		-3.7807		-2.9027		0.3187
2.090		0.8755		-3.7782		-2.9027		0.3178
2.092		0.8730		-3.7757		-2.9027		0.3170
2.094		0.8703		-3.7731		-2.9028		0.3160
2.096		0.8676		-3.7704		-2.9028		0.3151
2.098		0.8648		-3.7676		-2.9028		0.3141
2.100		0.8620		-3.7647		-2.9028		0.3131
2.102		0.8591		-3.7619		-2.9028		0.3121
2.104		0.8562		-3.7590		-2.9028		0.3110
2.106		0.8532		-3.7560		-2.9028		0.3100
2.108		0.8503		-3.7531		-2.9028		0.3090
2.110		0.8474		-3.7502		-2.9028		0.3079
2.112		0.8445		-3.7473		-2.9028		0.3069
2.114		0.8416		-3.7445		-2.9029		0.3059
2.116		0.8389		-3.7418		-2.9029		0.3050
2.118		0.8362		-3.7391		-2.9029		0.3040
2.120		0.8337		-3.7366		-2.9029		0.3031
2.122		0.8313		-3.7342		-2.9029		0.3023
2.124		0.8291		-3.7320		-2.9029		0.3015
2.126		0.8271		-3.7300		-2.9029		0.3008
2.128		0.8253		-3.7282		-2.9029		0.3002
2.130		0.8238		-3.7267		-2.9029		0.2996
2.132		0.8226		-3.7255		-2.9029		0.2992
2.134		0.8217		-3.7246		-2.9029		0.2989
2.136		0.8212		-3.7241		-2.9029		0.2987
2.138		0.8211		-3.7240		-2.9029		0.2987
2.140		0.8214		-3.7242		-2.9028		0.2988
2.142		0.8221		-3.7249		-2.9028		0.2990
2.144		0.8232		-3.7260		-2.9028		0.2994
2.146		0.8248		-3.7275		-2.9028		0.3000
2.148		0.8268		-3.7295		-2.9027		0.3007
2.150		0.8293		-3.7320		-2.9027		0.3016
2.152		0.8322		-3.7349		-2.9027		0.3026
2.154		0.8355		-3.7382		-2.9027		0.3038
2.156		0.8392		-3.7419		-2.9026		0.3051
2.158		0.8433		-3.7459		-2.9026		0.3066
2.160		0.8476		-3.7502		-2.9026		0.3081
2.162		0.8522		-3.7548		-2.9026		0.3097
2.164		0.8570		-3.7596		-2.9026		0.3114
2.166		0.8619		-3.7645		-2.9026		0.3132
2.168		0.8669		-3.7695		-2.9026		0.3149
2.170		0.8718		-3.7744		-2.9026		0.3167
2.172		0.8766		-3.7792		-2.9027		0.3184
2.174		0.8812		-3.7839		-2.9027		0.3200
2.176		0.8857		-3.7884		-2.9027		0.3216
2.178		0.8898		-3.7926		-2.9028		0.3231
2.180		0.8937		-3.7965		-2.9028		0.3244
2.182		0.8972		-3.8000		-2.9028		0.3257
2.184		0.9003		-3.8031		-2.9029		0.3268
2.186		0.9030		-3.8059		-2.9029		0.3277
2.188		0.9052		-3.8082		-2.9029		0.3285
2.190		0.9071		-3.8101		-2.9030		0.3292
2.192		0.9085		-3.8115		-2.9030		0.3297
2.194		0.9095		-3.8125		-2.9030		0.3300
2.196		0.9101		-3.8132		-2.9031		0.3302
2.198		0.9103		-3.8134		-2.9031		0.3303
2.200		0.9101		-3.8132		-2.9031		0.3302
2.202		0.9095		-3.8126		-2.9031		0.3300
2.204		0.9087		-3.8118		-2.9031		0.3297
2.206		0.9075		-3.8106		-2.9031		0.3293
2.208		0.9061		-3.8092		-2.9031		0.3288
2.210		0.9045		-3.8075		-2.9031		0.3282
2.212		0.9027		-3.8057		-2.9031		0.3275
2.214		0.9008		-3.8038		-2.9030		0.3269
2.216		0.8988		-3.8018		-2.9030		0.3262
2.218		0.8969		-3.7998		-2.9030		0.3255
2.220		0.8950		-3.7979		-2.9029		0.3248
2.222		0.8932		-3.7960		-2.9029		0.3241
2.224		0.8915		-3.7943		-2.9028		0.3235
2.226		0.8900		-3.7928		-2.9027		0.3230
2.228		0.8888		-3.7915		-2.9027		0.3225
2.230		0.8878		-3.7904		-2.9026		0.3222
2.232		0.8871		-3.7897		-2.9025		0.3219
2.234		0.8868		-3.7892		-2.9025		0.3218
2.236		0.8867		-3.7891		-2.9024		0.3218
2.238		0.8869		-3.7893		-2.9023		0.3218
2.240		0.8875		-3.7897		-2.9023		0.3220
2.242		0.8883		-3.7905		-2.9022		0.3223
2.244		0.8894		-3.7916		-2.9021		0.3227
2.246		0.8907		-3.7928		-2.9021		0.3232
2.248		0.8923		-3.7943		-2.9021		0.3237
2.250		0.8940		-3.7960		-2.9020		0.3243
2.252		0.8959		-3.7979		-2.9020		0.3250
2.254		0.8978		-3.7998		-2.9020		0.3257
2.256		0.8999		-3.8018		-2.9020		0.3264
2.258		0.9020		-3.8039		-2.9019		0.3271
2.260		0.9041		-3.8060		-2.9019		0.3279
2.262		0.9062		-3.8081		-2.9019		0.3286
2.264		0.9082		-3.8102		-2.9019		0.3293
2.266		0.9102		-3.8121		-2.9019		0.3300
2.268		0.9121		-3.8140		-2.9019		0.3307
2.270		0.9138		-3.8158		-2.9020		0.3313
2.272		0.9155		-3.8174		-2.9020		0.3319
2.274		0.9169		-3.8189		-2.9020		0.3324
2.276		0.9182		-3.8202		-2.9020		0.3328
2.278		0.9193		-3.8213		-2.9020		0.3332
2.280		0.9201		-3.8222		-2.9021		0.3335
2.282		0.9208		-3.8229		-2.9021		0.3337
2.284		0.9212		-3.8233		-2.9021		0.3338
2.286		0.9213		-3.8235		-2.9021		0.3339
2.288		0.9212		-3.8234		-2.9022		0.3338
2.290		0.9209		-3.8231		-2.9022		0.3337
2.292		0.9203		-3.8225		-2.9022		0.3335
2.294		0.9194		-3.8217		-2.9023		0.3332
2.296		0.9183		-3.8206		-2.9023		0.3328
2.298		0.9170		-3.8193		-2.9023		0.3323
2.300		0.9155		-3.8178		-2.9023		0.3318
2.302		0.9138		-3.8161		-2.9023		0.3311
2.304		0.9119		-3.8142		-2.9023		0.3305
2.306		0.9099		-3.8122		-2.9024		0.3297
2.308		0.9077		-3.8101		-2.9024		0.3290
2.310		0.9054		-3.8078		-2.9024		0.3281
2.312		0.9030		-3.8054		-2.9024		0.3273
2.314		0.9006		-3.8030		-2.9024		0.3264
2.316		0.8981		-3.8005		-2.9024		0.3255
2.318		0.8956		-3.7980		-2.9024		0.3246
2.320		0.8931		-3.7955		-2.9024		0.3237
2.322		0.8905		-3.7929		-2.9024		0.3228
2.324		0.8881		-3.7905		-2.9024		0.3219
2.326		0.8857		-3.7881		-2.9024		0.3211
2.328		0.8834		-3.7858		-2.9024		0.3202
2.330		0.8812		-3.7836		-2.9024		0.3195
2.332		0.8793		-3.7816		-2.9024		0.3188
2.334		0.8775		-3.7799		-2.9023		0.3181
2.336		0.8760		-3.7784		-2.9023		0.3176
2.338		0.8749		-3.7772		-2.9023		0.3172
2.340		0.8740		-3.7763		-2.9023		0.3169
2.342		0.8736		-3.7758		-2.9022		0.3167
2.344		0.8735		-3.7757		-2.9022		0.3167
2.346		0.8738		-3.7760		-2.9022		0.3168
2.348		0.8744		-3.7766		-2.9022		0.3170
2.350		0.8754		-3.7776		-2.9022		0.3173
2.352		0.8767		-3.7788		-2.9022		0.3178
2.354		0.8782		-3.7803		-2.9022		0.3183
2.356		0.8799		-3.7820		-2.9022		0.3189
2.358		0.8817		-3.7839		-2.9022		0.3196
2.360		0.8837		-3.7859		-2.9022		0.3203
2.362		0.8857		-3.7879		-2.9022		0.3210
2.364		0.8877		-3.7899		-2.9023		0.3217
2.366		0.8896		-3.7919		-2.9023		0.3224
2.368		0.8915		-3.7939		-2.9023		0.3231
2.370		0.8933		-3.7957		-2.9024		0.3237
2.372		0.8950		-3.7974		-2.9024		0.3243
2.374		0.8965		-3.7989		-2.9025		0.3248
2.376		0.8978		-3.8003		-2.9025		0.3253
2.378		0.8990		-3.8016		-2.9025		0.3257
2.380		0.9000		-3.8026		-2.9026		0.3261
2.382		0.9008		-3.8034		-2.9026		0.3264
2.384		0.9015		-3.8041		-2.9026		0.3266
2.386		0.9019		-3.8046		-2.9027		0.3267
2.388		0.9022		-3.8049		-2.9027		0.3268
2.390		0.9024		-3.8051		-2.9027		0.3269
2.392		0.9023		-3.8051		-2.9027		0.3269
2.394		0.9022		-3.8049		-2.9027		0.3268
2.396		0.9019		-3.8046		-2.9027		0.3267
2.398		0.9015		-3.8042		-2.9027		0.3266
2.400		0.9011		-3.8038		-2.9027		0.3264
2.402		0.9005		-3.8032		-2.9027		0.3262
2.404		0.8999		-3.8026		-2.9027		0.3260
2.406		0.8993		-3.8019		-2.9026		0.3258
2.408		0.8986		-3.8012		-2.9026		0.3256
2.410		0.8979		-3.8005		-2.9026		0.3253
2.412		0.8973		-3.7998		-2.9026		0.3251
2.414		0.8966		-3.7991		-2.9025		0.3249
2.416		0.8959		-3.7984		-2.9025		0.3246
2.418		0.8953		-3.7977		-2.9024		0.3244
2.420		0.8946		-3.7970		-2.9024		0.3242
2.422		0.8939		-3.7962		-2.9023		0.3239
2.424		0.8932		-3.7955		-2.9023		0.3237
2.426		0.8925		-3.7947		-2.9023		0.3234
2.428		0.8917		-3.7939		-2.9022		0.3232
2.430		0.8909		-3.7931		-2.9022		0.3229
2.432		0.8901		-3.7922		-2.9021		0.3226
2.434		0.8893		-3.7914		-2.9021		0.3223
2.436		0.8884		-3.7905		-2.9020		0.3220
2.438		0.8876		-3.7896		-2.9020		0.3217
2.440		0.8868		-3.7888		-2.9019		0.3215
2.442		0.8861		-3.7880		-2.9019		0.3212
2.444		0.8855		-3.7873		-2.9018		0.3210
2.446		0.8851		-3.7868		-2.9017		0.3209
2.448		0.8848		-3.7865		-2.9017		0.3208
2.450		0.8847		-3.7863		-2.9016		0.3208
2.452		0.8848		-3.7863		-2.9015		0.3208
2.454		0.8851		-3.7866		-2.9015		0.3209
2.456		0.8856		-3.7870		-2.9014		0.3211
2.458		0.8863		-3.7876		-2.9013		0.3214
2.460		0.8871		-3.7884		-2.9013		0.3217
2.462		0.8881		-3.7893		-2.9012		0.3220
2.464		0.8891		-3.7903		-2.9012		0.3224
2.466		0.8903		-3.7914		-2.9011		0.3228
2.468		0.8914		-3.7925		-2.9011		0.3232
2.470		0.8927		-3.7937		-2.9011		0.3237
2.472		0.8939		-3.7949		-2.9010		0.3241
2.474		0.8951		-3.7961		-2.9010		0.3246
2.476		0.8964		-3.7974		-2.9009		0.3250
2.478		0.8977		-3.7986		-2.9009		0.3255
2.480		0.8990		-3.7998		-2.9009		0.3260
2.482		0.9003		-3.8011		-2.9008		0.3264
2.484		0.9016		-3.8024		-2.9008		0.3269
2.486		0.9028		-3.8036		-2.9008		0.3274
2.488		0.9041		-3.8048		-2.9008		0.3278
2.490		0.9053		-3.8060		-2.9007		0.3283
2.492		0.9065		-3.8072		-2.9007		0.3287
2.494		0.9076		-3.8083		-2.9007		0.3291
2.496		0.9085		-3.8092		-2.9007		0.3295
2.498		0.9094		-3.8101		-2.9007		0.3298
2.500		0.9101		-3.8108		-2.9007		0.3301
2.502		0.9107		-3.8114		-2.9007		0.3303
2.504		0.9111		-3.8118		-2.9007		0.3304
2.506		0.9113		-3.8120		-2.9007		0.3305
2.508		0.9113		-3.8120		-2.9007		0.3305
2.510		0.9111		-3.8118		-2.9007		0.3305
2.512		0.9107		-3.8114		-2.9007		0.3303
2.514		0.9100		-3.8107		-2.9007		0.3301
2.516		0.9092		-3.8099		-2.9007		0.3298
2.518		0.9081		-3.8089		-2.9007		0.3295
2.520		0.9069		-3.8076		-2.9007		0.3290
2.522		0.9056		-3.8063		-2.9007		0.3286
2.524		0.9040		-3.8047		-2.9007		0.3280
2.526		0.9024		-3.8030		-2.9007		0.3274
2.528		0.9006		-3.8013		-2.9007		0.3268
2.530		0.8987		-3.7994		-2.9007		0.3262
2.532		0.8968		-3.7974		-2.9006		0.3255
2.534		0.8948		-3.7954		-2.9006		0.3248
2.536		0.8928		-3.7934		-2.9006		0.3241
2.538		0.8907		-3.7913		-2.9005		0.3234
2.540		0.8887		-3.7892		-2.9005		0.3227
2.542		0.8866		-3.7871		-2.9005		0.3219
2.544		0.8846		-3.7850		-2.9004		0.3212
2.546		0.8825		-3.7829		-2.9004		0.3205
2.548		0.8805		-3.7809		-2.9004		0.3198
2.550		0.8785		-3.7789		-2.9003		0.3191
2.552		0.8766		-3.7769		-2.9003		0.3184
2.554		0.8747		-3.7749		-2.9003		0.3178
2.556		0.8728		-3.7730		-2.9002		0.3171
2.558		0.8709		-3.7711		-2.9002		0.3165
2.560		0.8691		-3.7693		-2.9001		0.3158
2.562		0.8674		-3.7675		-2.9001		0.3152
2.564		0.8656		-3.7657		-2.9001		0.3146
2.566		0.8640		-3.7640		-2.9000		0.3140
2.568		0.8623		-3.7623		-2.9000		0.3135
2.570		0.8607		-3.7607		-2.8999		0.3129
2.572		0.8592		-3.7591		-2.8999		0.3124
2.574		0.8578		-3.7576		-2.8999		0.3119
2.576		0.8564		-3.7562		-2.8998		0.3114
2.578		0.8551		-3.7549		-2.8998		0.3109
2.580		0.8539		-3.7536		-2.8997		0.3105
2.582		0.8527		-3.7524		-2.8997		0.3101
2.584		0.8517		-3.7514		-2.8997		0.3098
2.586		0.8508		-3.7504		-2.8996		0.3094
2.588		0.8500		-3.7496		-2.8996		0.3092
2.590		0.8493		-3.7488		-2.8995		0.3089
2.592		0.8487		-3.7482		-2.8995		0.3087
2.594		0.8482		-3.7477		-2.8995		0.3086
2.596		0.8479		-3.7473		-2.8994		0.3085
2.598		0.8477		-3.7471		-2.8994		0.3084
2.600		0.8476		-3.7470		-2.8994		0.3084
2.602		0.8476		-3.7470		-2.8993		0.3084
2.604		0.8478		-3.7471		-2.8993		0.3084
2.606		0.8481		-3.7474		-2.8993		0.3086
2.608		0.8485		-3.7477		-2.8992		0.3087
2.610		0.8491		-3.7483		-2.8992		0.3089
2.612		0.8497		-3.7489		-2.8992		0.3092
2.614		0.8505		-3.7497		-2.8992		0.3095
2.616		0.8515		-3.7506		-2.8991		0.3098
2.618		0.8525		-3.7516		-2.8991		0.3102
2.620		0.8537		-3.7528		-2.8991		0.3106
2.622		0.8550		-3.7541		-2.8991		0.3111
2.624		0.8564		-3.7554		-2.8990		0.3115
2.626		0.8579		-3.7569		-2.8990		0.3121
2.628		0.8594		-3.7584		-2.8990		0.3126
2.630		0.8610		-3.7600		-2.8990		0.3132
2.632		0.8626		-3.7615		-2.8990		0.3137
2.634		0.8642		-3.7631		-2.8990		0.3143
2.636		0.8657		-3.7647		-2.8990		0.3149
2.638		0.8673		-3.7662		-2.8990		0.3154
2.640		0.8687		-3.7677		-2.8990		0.3159
2.642		0.8702		-3.7691		-2.8990		0.3164
2.644		0.8715		-3.7705		-2.8990		0.3169
2.646		0.8727		-3.7717		-2.8990		0.3174
2.648		0.8739		-3.7729		-2.8990		0.3178
2.650		0.8750		-3.7740		-2.8990		0.3182
2.652		0.8761		-3.7751		-2.8990		0.3185
2.654		0.8771		-3.7761		-2.8990		0.3189
2.656		0.8780		-3.7770		-2.8990		0.3192
2.658		0.8790		-3.7780		-2.8990		0.3195
2.660		0.8799		-3.7789		-2.8990		0.3199
2.662		0.8809		-3.7799		-2.8990		0.3202
2.664		0.8819		-3.7809		-2.8990		0.3206
2.666		0.8830		-3.7820		-2.8990		0.3209
2.668		0.8841		-3.7831		-2.8990		0.3213
2.670		0.8854		-3.7844		-2.8990		0.3218
2.672		0.8867		-3.7857		-2.8990		0.3222
2.674		0.8881		-3.7871		-2.8990		0.3227
2.676		0.8896		-3.7886		-2.8990		0.3233
2.678		0.8912		-3.7902		-2.8990		0.3238
2.680		0.8929		-3.7918		-2.8990		0.3244
2.682		0.8946		-3.7936		-2.8990		0.3250
2.684		0.8964		-3.7954		-2.8990		0.3257
2.686		0.8983		-3.7973		-2.8990		0.3263
2.688		0.9002		-3.7992		-2.8990		0.3270
2.690		0.9021		-3.8011		-2.8990		0.3277
2.692		0.9040		-3.8030		-2.8990		0.3283
2.694		0.9059		-3.8049		-2.8990		0.3290
2.696		0.9077		-3.8068		-2.8991		0.3296
2.698		0.9095		-3.8086		-2.8991		0.3303
2.700		0.9111		-3.8103		-2.8991		0.3308
2.702		0.9126		-3.8118		-2.8992		0.3313
2.704		0.9139		-3.8131		-2.8992		0.3318
2.706		0.9150		-3.8143		-2.8993		0.3322
2.708		0.9159		-3.8152		-2.8993		0.3325
2.710		0.9165		-3.8159		-2.8994		0.3327
2.712		0.9168		-3.8163		-2.8995		0.3328
2.714		0.9168		-3.8164		-2.8995		0.3328
2.716		0.9165		-3.8161		-2.8996		0.3327
2.718		0.9159		-3.8156		-2.8997		0.3325
2.720		0.9150		-3.8148		-2.8997		0.3321
2.722		0.9138		-3.8136		-2.8998		0.3317
2.724		0.9123		-3.8122		-2.8999		0.3312
2.726		0.9106		-3.8105		-2.8999		0.3305
2.728		0.9086		-3.8086		-2.9000		0.3298
2.730		0.9064		-3.8064		-2.9000		0.3290
2.732		0.9040		-3.8041		-2.9001		0.3282
2.734		0.9014		-3.8015		-2.9002		0.3272
2.736		0.8987		-3.7989		-2.9002		0.3263
2.738		0.8958		-3.7961		-2.9003		0.3252
2.740		0.8928		-3.7931		-2.9003		0.3242
2.742		0.8897		-3.7901		-2.9004		0.3230
2.744		0.8864		-3.7869		-2.9005		0.3219
2.746		0.8831		-3.7836		-2.9005		0.3207
2.748		0.8796		-3.7802		-2.9006		0.3194
2.750		0.8761		-3.7767		-2.9007		0.3182
2.752		0.8725		-3.7732		-2.9008		0.3169
2.754		0.8688		-3.7696		-2.9008		0.3156
2.756		0.8652		-3.7661		-2.9009		0.3143
2.758		0.8617		-3.7626		-2.9009		0.3130
2.760		0.8583		-3.7593		-2.9010		0.3118
2.762		0.8552		-3.7562		-2.9010		0.3107
2.764		0.8523		-3.7533		-2.9010		0.3096
2.766		0.8499		-3.7509		-2.9010		0.3088
2.768		0.8479		-3.7489		-2.9010		0.3080
2.770		0.8464		-3.7474		-2.9010		0.3075
2.772		0.8454		-3.7464		-2.9010		0.3072
2.774		0.8451		-3.7460		-2.9009		0.3070
2.776		0.8453		-3.7462		-2.9009		0.3071
2.778		0.8460		-3.7469		-2.9009		0.3073
2.780		0.8472		-3.7481		-2.9009		0.3077
2.782		0.8489		-3.7497		-2.9009		0.3083
2.784		0.8509		-3.7518		-2.9009		0.3090
2.786		0.8533		-3.7541		-2.9009		0.3099
2.788		0.8559		-3.7567		-2.9009		0.3108
2.790		0.8587		-3.7595		-2.9009		0.3118
2.792		0.8616		-3.7625		-2.9009		0.3128
2.794		0.8645		-3.7655		-2.9009		0.3138
2.796		0.8675		-3.7685		-2.9009		0.3149
2.798		0.8705		-3.7714		-2.9010		0.3159
2.800		0.8733		-3.7743		-2.9010		0.3169
2.802		0.8761		-3.7772		-2.9010		0.3179
2.804		0.8788		-3.7798		-2.9011		0.3188
2.806		0.8813		-3.7824		-2.9011		0.3197
2.808		0.8837		-3.7848		-2.9011		0.3206
2.810		0.8859		-3.7871		-2.9011		0.3214
2.812		0.8880		-3.7892		-2.9012		0.3221
2.814		0.8899		-3.7911		-2.9012		0.3228
2.816		0.8917		-3.7929		-2.9012		0.3234
2.818		0.8934		-3.7946		-2.9012		0.3239
2.820		0.8949		-3.7961		-2.9012		0.3245
2.822		0.8963		-3.7975		-2.9012		0.3250
2.824		0.8976		-3.7988		-2.9012		0.3254
2.826		0.8988		-3.8000		-2.9012		0.3258
2.828		0.9000		-3.8012		-2.9012		0.3262
2.830		0.9011		-3.8023		-2.9012		0.3266
2.832		0.9021		-3.8033		-2.9012		0.3270
2.834		0.9032		-3.8044		-2.9012		0.3274
2.836		0.9042		-3.8054		-2.9012		0.3277
2.838		0.9053		-3.8064		-2.9012		0.3281
2.840		0.9063		-3.8074		-2.9011		0.3285
2.842		0.9073		-3.8084		-2.9011		0.3288
2.844		0.9083		-3.8094		-2.9011		0.3292
2.846		0.9093		-3.8104		-2.9011		0.3295
2.848		0.9103		-3.8113		-2.9010		0.3299
2.850		0.9112		-3.8122		-2.9010		0.3302
2.852		0.9121		-3.8131		-2.9010		0.3305
2.854		0.9129		-3.8139		-2.9010		0.3308
2.856		0.9136		-3.8146		-2.9010		0.3310
2.858		0.9142		-3.8152		-2.9010		0.3312
2.860		0.9147		-3.8157		-2.9009		0.3314
2.862		0.9151		-3.8161		-2.9009		0.3316
2.864		0.9154		-3.8163		-2.9009		0.3317
2.866		0.9156		-3.8165		-2.9009		0.3317
2.868		0.9156		-3.8165		-2.9009		0.3318
2.870		0.9156		-3.8165		-2.9009		0.3317
2.872		0.9154		-3.8163		-2.9009		0.3317
2.874		0.9151		-3.8160		-2.9008		0.3316
2.876		0.9148		-3.8156		-2.9008		0.3315
2.878		0.9143		-3.8151		-2.9008		0.3313
2.880		0.9138		-3.8146		-2.9008		0.3312
2.882		0.9133		-3.8140		-2.9007		0.3310
2.884		0.9127		-3.8134		-2.9007		0.3308
2.886		0.9120		-3.8127		-2.9007		0.3305
2.888		0.9113		-3.8120		-2.9006		0.3303
2.890		0.9106		-3.8112		-2.9006		0.3300
2.892		0.9099		-3.8104		-2.9006		0.3298
2.894		0.9091		-3.8096		-2.9005		0.3295
2.896		0.9082		-3.8088		-2.9005		0.3292
2.898		0.9074		-3.8079		-2.9005		0.3289
2.900		0.9065		-3.8069		-2.9005		0.3286
2.902		0.9055		-3.8059		-2.9004		0.3283
2.904		0.9045		-3.8049		-2.9004		0.3279
2.906		0.9034		-3.8038		-2.9004		0.3276
2.908		0.9024		-3.8027		-2.9004		0.3272
2.910		0.9012		-3.8016		-2.9003		0.3268
2.912		0.9001		-3.8004		-2.9003		0.3264
2.914		0.8990		-3.7993		-2.9003		0.3260
2.916		0.8979		-3.7981		-2.9002		0.3256
2.918		0.8969		-3.7971		-2.9002		0.3253
2.920		0.8959		-3.7961		-2.9002		0.3250
2.922		0.8951		-3.7952		-2.9001		0.3247
2.924		0.8945		-3.7945		-2.9000		0.3245
2.926		0.8940		-3.7940		-2.9000		0.3243
2.928		0.8937		-3.7937		-2.8999		0.3242
2.930		0.8938		-3.7936		-2.8999		0.3242
2.932		0.8941		-3.7938		-2.8998		0.3244
2.934		0.8946		-3.7944		-2.8997		0.3246
2.936		0.8956		-3.7952		-2.8997		0.3249
2.938		0.8968		-3.7963		-2.8996		0.3254
2.940		0.8983		-3.7978		-2.8995		0.3259
2.942		0.9001		-3.7995		-2.8994		0.3266
2.944		0.9022		-3.8016		-2.8994		0.3273
2.946		0.9045		-3.8038		-2.8993		0.3282
2.948		0.9071		-3.8063		-2.8993		0.3291
2.950		0.9098		-3.8090		-2.8992		0.3301
2.952		0.9127		-3.8119		-2.8992		0.3311
2.954		0.9158		-3.8149		-2.8991		0.3322
2.956		0.9189		-3.8180		-2.8991		0.3333
2.958		0.9221		-3.8212		-2.8991		0.3345
2.960		0.9253		-3.8244		-2.8990		0.3357
2.962		0.9285		-3.8275		-2.8990		0.3368
2.964		0.9317		-3.8307		-2.8990		0.3380
2.966		0.9348		-3.8338		-2.8990		0.3391
2.968		0.9379		-3.8368		-2.8989		0.3402
2.970		0.9408		-3.8397		-2.8989		0.3412
2.972		0.9435		-3.8425		-2.8989		0.3422
2.974		0.9461		-3.8450		-2.8989		0.3432
2.976		0.9485		-3.8474		-2.8989		0.3440
2.978		0.9508		-3.8496		-2.8989		0.3448
2.980		0.9528		-3.8516		-2.8989		0.3456
2.982		0.9545		-3.8534		-2.8989		0.3462
2.984		0.9561		-3.8549		-2.8989		0.3468
2.986		0.9574		-3.8562		-2.8989		0.3472
2.988		0.9584		-3.8573		-2.8988		0.3476
2.990		0.9592		-3.8581		-2.8988		0.3479
2.992		0.9598		-3.8587		-2.8988		0.3482
2.994		0.9602		-3.8590		-2.8988		0.3483
2.996		0.9604		-3.8592		-2.8988		0.3484
2.998		0.9604		-3.8592		-2.8988		0.3484
3.000		0.9601		-3.8589		-2.8988		0.3483
3.002		0.9598		-3.8585		-2.8988		0.3482
3.004		0.9592		-3.8579		-2.8987		0.3480
3.006		0.9585		-3.8572		-2.8987		0.3478
3.008		0.9577		-3.8564		-2.8987		0.3475
3.010		0.9567		-3.8554		-2.8987		0.3472
3.012		0.9557		-3.8544		-2.8987		0.3468
3.014		0.9546		-3.8532		-2.8986		0.3465
3.016		0.9534		-3.8520		-2.8986		0.3460
3.018		0.9521		-3.8507		-2.8986		0.3456
3.020		0.9508		-3.8493		-2.8986		0.3452
3.022		0.9494		-3.8479		-2.8985		0.3447
3.024		0.9480		-3.8465		-2.8985		0.3442
3.026		0.9465		-3.8450		-2.8985		0.3437
3.028		0.9451		-3.8436		-2.8985		0.3432
3.030		0.9437		-3.8421		-2.8984		0.3427
3.032		0.9422		-3.8406		-2.8984		0.3422
3.034		0.9408		-3.8392		-2.8984		0.3417
3.036		0.9393		-3.8377		-2.8984		0.3412
3.038		0.9380		-3.8363		-2.8983		0.3407
3.040		0.9366		-3.8349		-2.8983		0.3403
3.042		0.9353		-3.8336		-2.8983		0.3398
3.044		0.9341		-3.8323		-2.8983		0.3394
3.046		0.9329		-3.8312		-2.8983		0.3390
3.048		0.9318		-3.8300		-2.8982		0.3386
3.050		0.9308		-3.8290		-2.8982		0.3382
3.052		0.9299		-3.8281		-2.8982		0.3379
3.054		0.9291		-3.8273		-2.8982		0.3377
3.056		0.9284		-3.8266		-2.8981		0.3374
3.058		0.9279		-3.8260		-2.8981		0.3372
3.060		0.9274		-3.8255		-2.8981		0.3371
3.062		0.9272		-3.8252		-2.8981		0.3370
3.064		0.9270		-3.8251		-2.8981		0.3369
3.066		0.9270		-3.8251		-2.8980		0.3370
3.068		0.9272		-3.8252		-2.8980		0.3370
3.070		0.9275		-3.8255		-2.8980		0.3371
3.072		0.9279		-3.8259		-2.8980		0.3373
3.074		0.9286		-3.8265		-2.8979		0.3375
3.076		0.9293		-3.8272		-2.8979		0.3378
3.078		0.9302		-3.8281		-2.8979		0.3381
3.080		0.9312		-3.8291		-2.8979		0.3385
3.082		0.9324		-3.8302		-2.8978		0.3389
3.084		0.9337		-3.8315		-2.8978		0.3394
3.086		0.9351		-3.8328		-2.8978		0.3399
3.088		0.9365		-3.8343		-2.8978		0.3404
3.090		0.9381		-3.8358		-2.8977		0.3409
3.092		0.9397		-3.8374		-2.8977		0.3415
3.094		0.9413		-3.8390		-2.8977		0.3421
3.096		0.9430		-3.8406		-2.8976		0.3427
3.098		0.9447		-3.8423		-2.8976		0.3433
3.100		0.9464		-3.8440		-2.8976		0.3439
3.102		0.9481		-3.8457		-2.8976		0.3445
3.104		0.9499		-3.8474		-2.8975		0.3451
3.106		0.9516		-3.8490		-2.8975		0.3457
3.108		0.9533		-3.8507		-2.8974		0.3463
3.110		0.9549		-3.8523		-2.8974		0.3469
3.112		0.9566		-3.8540		-2.8973		0.3475
3.114		0.9583		-3.8556		-2.8973		0.3481
3.116		0.9599		-3.8571		-2.8972		0.3487
3.118		0.9615		-3.8587		-2.8972		0.3493
3.120		0.9632		-3.8603		-2.8971		0.3499
3.122		0.9648		-3.8619		-2.8971		0.3505
3.124		0.9665		-3.8635		-2.8970		0.3510
3.126		0.9681		-3.8650		-2.8969		0.3516
3.128		0.9698		-3.8666		-2.8969		0.3522
3.130		0.9714		-3.8682		-2.8968		0.3528
3.132		0.9731		-3.8698		-2.8967		0.3534
3.134		0.9747		-3.8714		-2.8967		0.3540
3.136		0.9764		-3.8730		-2.8966		0.3546
3.138		0.9780		-3.8746		-2.8965		0.3551
3.140		0.9797		-3.8761		-2.8964		0.3557
3.142		0.9813		-3.8777		-2.8964		0.3563
3.144		0.9829		-3.8792		-2.8963		0.3569
3.146		0.9844		-3.8806		-2.8962		0.3574
3.148		0.9859		-3.8821		-2.8962		0.3579
3.150		0.9873		-3.8834		-2.8961		0.3584
3.152		0.9887		-3.8847		-2.8961		0.3589
3.154		0.9900		-3.8860		-2.8960		0.3594
3.156		0.9911		-3.8871		-2.8959		0.3598
3.158		0.9922		-3.8881		-2.8959		0.3602
3.160		0.9933		-3.8891		-2.8958		0.3606
3.162		0.9942		-3.8899		-2.8958		0.3609
3.164		0.9950		-3.8907		-2.8957		0.3612
3.166		0.9957		-3.8913		-2.8957		0.3614
3.168		0.9962		-3.8919		-2.8956		0.3616
3.170		0.9967		-3.8923		-2.8956		0.3618
3.172		0.9972		-3.8927		-2.8955		0.3619
3.174		0.9975		-3.8930		-2.8955		0.3621
3.176		0.9977		-3.8932		-2.8954		0.3621
3.178		0.9979		-3.8933		-2.8954		0.3622
3.180		0.9979		-3.8933		-2.8954		0.3622
3.182		0.9980		-3.8933		-2.8953		0.3622
3.184		0.9979		-3.8932		-2.8953		0.3622
3.186		0.9978		-3.8930		-2.8952		0.3622
3.188		0.9976		-3.8928		-2.8952		0.3621
3.190		0.9973		-3.8924		-2.8952		0.3620
3.192		0.9969		-3.8920		-2.8951		0.3619
3.194		0.9964		-3.8915		-2.8951		0.3617
3.196		0.9958		-3.8909		-2.8951		0.3615
3.198		0.9951		-3.8901		-2.8951		0.3612
3.200		0.9942		-3.8892		-2.8950		0.3609
3.202		0.9932		-3.8882		-2.8950		0.3606
3.204		0.9921		-3.8871		-2.8950		0.3602
3.206		0.9908		-3.8858		-2.8950		0.3598
3.208		0.9894		-3.8844		-2.8950		0.3593
3.210		0.9879		-3.8829		-2.8950		0.3587
3.212		0.9863		-3.8812		-2.8950		0.3582
3.214		0.9846		-3.8795		-2.8950		0.3576
3.216		0.9828		-3.8778		-2.8949		0.3569
3.218		0.9810		-3.8760		-2.8949		0.3563
3.220		0.9793		-3.8742		-2.8949		0.3557
3.222		0.9775		-3.8724		-2.8949		0.3551
3.224		0.9759		-3.8707		-2.8949		0.3545
3.226		0.9743		-3.8691		-2.8948		0.3539
3.228		0.9728		-3.8676		-2.8948		0.3534
3.230		0.9714		-3.8662		-2.8948		0.3529
3.232		0.9703		-3.8650		-2.8947		0.3525
3.234		0.9693		-3.8640		-2.8947		0.3522
3.236		0.9685		-3.8631		-2.8946		0.3519
3.238		0.9679		-3.8625		-2.8946		0.3517
3.240		0.9676		-3.8621		-2.8945		0.3516
3.242		0.9674		-3.8619		-2.8945		0.3516
3.244		0.9675		-3.8619		-2.8945		0.3516
3.246		0.9677		-3.8621		-2.8944		0.3517
3.248		0.9681		-3.8625		-2.8944		0.3518
3.250		0.9686		-3.8629		-2.8944		0.3520
3.252		0.9692		-3.8635		-2.8943		0.3522
3.254		0.9698		-3.8641		-2.8943		0.3524
3.256		0.9704		-3.8647		-2.8943		0.3527
3.258		0.9710		-3.8653		-2.8943		0.3529
3.260		0.9715		-3.8657		-2.8943		0.3531
3.262		0.9718		-3.8661		-2.8943		0.3532
3.264		0.9720		-3.8663		-2.8943		0.3533
3.266		0.9720		-3.8663		-2.8943		0.3533
3.268		0.9718		-3.8661		-2.8943		0.3532
3.270		0.9714		-3.8657		-2.8943		0.3531
3.272		0.9708		-3.8651		-2.8943		0.3528
3.274		0.9699		-3.8642		-2.8943		0.3525
3.276		0.9688		-3.8631		-2.8944		0.3521
3.278		0.9674		-3.8618		-2.8944		0.3517
3.280		0.9659		-3.8603		-2.8944		0.3511
3.282		0.9641		-3.8585		-2.8944		0.3505
3.284		0.9622		-3.8566		-2.8944		0.3498
3.286		0.9602		-3.8546		-2.8944		0.3491
3.288		0.9580		-3.8524		-2.8944		0.3483
3.290		0.9558		-3.8502		-2.8944		0.3476
3.292		0.9536		-3.8479		-2.8944		0.3468
3.294		0.9514		-3.8457		-2.8943		0.3460
3.296		0.9492		-3.8435		-2.8943		0.3452
3.298		0.9471		-3.8414		-2.8943		0.3445
3.300		0.9452		-3.8395		-2.8943		0.3438
3.302		0.9435		-3.8378		-2.8942		0.3432
3.304		0.9420		-3.8362		-2.8942		0.3427
3.306		0.9408		-3.8350		-2.8942		0.3422
3.308		0.9399		-3.8341		-2.8941		0.3419
3.310		0.9394		-3.8334		-2.8941		0.3417
3.312		0.9391		-3.8332		-2.8940		0.3416
3.314		0.9393		-3.8333		-2.8940		0.3417
3.316		0.9398		-3.8337		-2.8939		0.3419
3.318		0.9407		-3.8346		-2.8939		0.3422
3.320		0.9419		-3.8358		-2.8939		0.3426
3.322		0.9435		-3.8373		-2.8938		0.3432
3.324		0.9453		-3.8391		-2.8938		0.3438
3.326		0.9474		-3.8412		-2.8938		0.3446
3.328		0.9498		-3.8436		-2.8938		0.3454
3.330		0.9523		-3.8461		-2.8938		0.3463
3.332		0.9549		-3.8487		-2.8938		0.3473
3.334		0.9576		-3.8513		-2.8938		0.3482
3.336		0.9602		-3.8540		-2.8938		0.3491
3.338		0.9627		-3.8565		-2.8938		0.3500
3.340		0.9650		-3.8589		-2.8938		0.3509
3.342		0.9671		-3.8610		-2.8939		0.3516
3.344		0.9690		-3.8629		-2.8939		0.3523
3.346		0.9704		-3.8644		-2.8940		0.3528
3.348		0.9715		-3.8655		-2.8940		0.3532
3.350		0.9721		-3.8662		-2.8941		0.3534
3.352		0.9723		-3.8664		-2.8941		0.3535
3.354		0.9720		-3.8662		-2.8942		0.3534
3.356		0.9712		-3.8655		-2.8942		0.3531
3.358		0.9700		-3.8642		-2.8943		0.3527
3.360		0.9683		-3.8626		-2.8943		0.3521
3.362		0.9661		-3.8605		-2.8943		0.3513
3.364		0.9636		-3.8580		-2.8944		0.3504
3.366		0.9608		-3.8552		-2.8944		0.3494
3.368		0.9577		-3.8521		-2.8944		0.3483
3.370		0.9544		-3.8488		-2.8943		0.3472
3.372		0.9510		-3.8453		-2.8943		0.3460
3.374		0.9475		-3.8418		-2.8943		0.3447
3.376		0.9441		-3.8383		-2.8942		0.3435
3.378		0.9407		-3.8349		-2.8942		0.3423
3.380		0.9375		-3.8316		-2.8941		0.3412
3.382		0.9346		-3.8286		-2.8940		0.3401
3.384		0.9319		-3.8258		-2.8939		0.3392
3.386		0.9296		-3.8234		-2.8938		0.3384
3.388		0.9277		-3.8214		-2.8937		0.3377
3.390		0.9262		-3.8198		-2.8936		0.3372
3.392		0.9252		-3.8187		-2.8935		0.3368
3.394		0.9246		-3.8180		-2.8934		0.3366
3.396		0.9245		-3.8178		-2.8933		0.3366
3.398		0.9249		-3.8181		-2.8932		0.3368
3.400		0.9257		-3.8188		-2.8931		0.3371
3.402		0.9270		-3.8199		-2.8930		0.3375
3.404		0.9286		-3.8214		-2.8929		0.3381
3.406		0.9306		-3.8233		-2.8928		0.3388
3.408		0.9329		-3.8255		-2.8927		0.3396
3.410		0.9354		-3.8280		-2.8926		0.3406
3.412		0.9382		-3.8307		-2.8925		0.3416
3.414		0.9412		-3.8337		-2.8924		0.3426
3.416		0.9443		-3.8367		-2.8924		0.3437
3.418		0.9476		-3.8399		-2.8923		0.3449
3.420		0.9509		-3.8431		-2.8923		0.3461
3.422		0.9542		-3.8464		-2.8922		0.3473
3.424		0.9575		-3.8497		-2.8922		0.3485
3.426		0.9609		-3.8530		-2.8921		0.3496
3.428		0.9642		-3.8562		-2.8921		0.3508
3.430		0.9674		-3.8594		-2.8920		0.3520
3.432		0.9706		-3.8626		-2.8920		0.3531
3.434		0.9737		-3.8656		-2.8919		0.3542
3.436		0.9767		-3.8685		-2.8919		0.3553
3.438		0.9795		-3.8714		-2.8918		0.3563
3.440		0.9823		-3.8741		-2.8917		0.3573
3.442		0.9850		-3.8767		-2.8917		0.3582
3.444		0.9875		-3.8791		-2.8916		0.3591
3.446		0.9899		-3.8815		-2.8916		0.3600
3.448		0.9922		-3.8837		-2.8915		0.3608
3.450		0.9945		-3.8859		-2.8914		0.3616
3.452		0.9966		-3.8879		-2.8914		0.3624
3.454		0.9986		-3.8899		-2.8913		0.3631
3.456		1.0005		-3.8917		-2.8912		0.3638
3.458		1.0024		-3.8935		-2.8911		0.3644
3.460		1.0041		-3.8952		-2.8910		0.3651
3.462		1.0058		-3.8967		-2.8910		0.3657
3.464		1.0074		-3.8983		-2.8909		0.3662
3.466		1.0089		-3.8997		-2.8908		0.3668
3.468		1.0102		-3.9010		-2.8907		0.3673
3.470		1.0115		-3.9021		-2.8906		0.3677
3.472		1.0126		-3.9032		-2.8906		0.3681
3.474		1.0136		-3.9041		-2.8905		0.3685
3.476		1.0144		-3.9048		-2.8904		0.3688
3.478		1.0150		-3.9053		-2.8904		0.3690
3.480		1.0153		-3.9056		-2.8903		0.3691
3.482		1.0155		-3.9057		-2.8903		0.3692
3.484		1.0153		-3.9055		-2.8902		0.3691
3.486		1.0149		-3.9051		-2.8902		0.3690
3.488		1.0142		-3.9043		-2.8901		0.3687
3.490		1.0132		-3.9033		-2.8901		0.3684
3.492		1.0119		-3.9019		-2.8900		0.3679
3.494		1.0103		-3.9003		-2.8900		0.3674
3.496		1.0084		-3.8984		-2.8899		0.3667
3.498		1.0063		-3.8962		-2.8899		0.3660
3.500		1.0039		-3.8937		-2.8899		0.3651
3.502		1.0012		-3.8910		-2.8898		0.3642
3.504		0.9984		-3.8881		-2.8898		0.3632
3.506		0.9953		-3.8850		-2.8897		0.3621
3.508		0.9921		-3.8818		-2.8897		0.3610
3.510		0.9888		-3.8784		-2.8896		0.3598
3.512		0.9854		-3.8750		-2.8896		0.3586
3.514		0.9819		-3.8715		-2.8895		0.3574
3.516		0.9784		-3.8679		-2.8895		0.3561
3.518		0.9750		-3.8644		-2.8894		0.3549
3.520		0.9715		-3.8609		-2.8894		0.3537
3.522		0.9681		-3.8575		-2.8893		0.3525
3.524		0.9649		-3.8541		-2.8893		0.3514
3.526		0.9617		-3.8509		-2.8892		0.3502
3.528		0.9588		-3.8479		-2.8891		0.3492
3.530		0.9560		-3.8451		-2.8891		0.3482
3.532		0.9535		-3.8425		-2.8890		0.3473
3.534		0.9512		-3.8401		-2.8890		0.3465
3.536		0.9492		-3.8381		-2.8889		0.3458
3.538		0.9475		-3.8363		-2.8889		0.3452
3.540		0.9461		-3.8349		-2.8888		0.3447
3.542		0.9450		-3.8338		-2.8887		0.3444
3.544		0.9443		-3.8330		-2.8887		0.3441
3.546		0.9438		-3.8325		-2.8887		0.3440
3.548		0.9436		-3.8322		-2.8886		0.3439
3.550		0.9436		-3.8322		-2.8886		0.3439
3.552		0.9438		-3.8324		-2.8886		0.3440
3.554		0.9441		-3.8327		-2.8886		0.3441
3.556		0.9446		-3.8332		-2.8886		0.3443
3.558		0.9451		-3.8337		-2.8886		0.3445
3.560		0.9456		-3.8342		-2.8886		0.3447
3.562		0.9461		-3.8347		-2.8886		0.3449
3.564		0.9466		-3.8352		-2.8886		0.3450
3.566		0.9471		-3.8357		-2.8886		0.3452
3.568		0.9474		-3.8361		-2.8886		0.3453
3.570		0.9478		-3.8364		-2.8886		0.3455
3.572		0.9480		-3.8367		-2.8887		0.3456
3.574		0.9482		-3.8369		-2.8887		0.3456
3.576		0.9484		-3.8370		-2.8887		0.3457
3.578		0.9485		-3.8372		-2.8887		0.3458
3.580		0.9487		-3.8374		-2.8887		0.3458
3.582		0.9489		-3.8375		-2.8887		0.3459
3.584		0.9491		-3.8378		-2.8887		0.3460
3.586		0.9495		-3.8381		-2.8886		0.3461
3.588		0.9499		-3.8385		-2.8886		0.3463
3.590		0.9505		-3.8391		-2.8886		0.3465
3.592		0.9513		-3.8399		-2.8886		0.3468
3.594		0.9523		-3.8408		-2.8885		0.3472
3.596		0.9535		-3.8420		-2.8885		0.3476
3.598		0.9550		-3.8434		-2.8884		0.3481
3.600		0.9567		-3.8451		-2.8884		0.3488
3.602		0.9587		-3.8471		-2.8884		0.3495
3.604		0.9610		-3.8493		-2.8883		0.3503
3.606		0.9635		-3.8517		-2.8883		0.3512
3.608		0.9661		-3.8544		-2.8883		0.3522
3.610		0.9690		-3.8572		-2.8882		0.3532
3.612		0.9719		-3.8601		-2.8882		0.3542
3.614		0.9749		-3.8631		-2.8882		0.3553
3.616		0.9779		-3.8661		-2.8882		0.3564
3.618		0.9808		-3.8690		-2.8882		0.3574
3.620		0.9836		-3.8718		-2.8882		0.3584
3.622		0.9861		-3.8744		-2.8883		0.3593
3.624		0.9884		-3.8767		-2.8883		0.3602
3.626		0.9904		-3.8788		-2.8883		0.3609
3.628		0.9921		-3.8805		-2.8884		0.3615
3.630		0.9934		-3.8819		-2.8884		0.3620
3.632		0.9944		-3.8828		-2.8885		0.3623
3.634		0.9949		-3.8834		-2.8885		0.3625
3.636		0.9950		-3.8836		-2.8886		0.3626
3.638		0.9948		-3.8834		-2.8886		0.3625
3.640		0.9941		-3.8827		-2.8887		0.3622
3.642		0.9930		-3.8817		-2.8887		0.3619
3.644		0.9915		-3.8803		-2.8888		0.3614
3.646		0.9897		-3.8785		-2.8888		0.3607
3.648		0.9876		-3.8764		-2.8889		0.3600
3.650		0.9851		-3.8740		-2.8889		0.3591
3.652		0.9824		-3.8713		-2.8889		0.3581
3.654		0.9793		-3.8683		-2.8890		0.3570
3.656		0.9761		-3.8652		-2.8890		0.3559
3.658		0.9727		-3.8618		-2.8891		0.3547
3.660		0.9692		-3.8583		-2.8891		0.3534
3.662		0.9655		-3.8547		-2.8891		0.3521
3.664		0.9618		-3.8510		-2.8892		0.3508
3.666		0.9582		-3.8473		-2.8892		0.3495
3.668		0.9545		-3.8437		-2.8892		0.3482
3.670		0.9511		-3.8403		-2.8892		0.3470
3.672		0.9478		-3.8370		-2.8892		0.3458
3.674		0.9447		-3.8339		-2.8892		0.3447
3.676		0.9420		-3.8312		-2.8892		0.3438
3.678		0.9396		-3.8288		-2.8892		0.3429
3.680		0.9377		-3.8269		-2.8892		0.3422
3.682		0.9362		-3.8254		-2.8892		0.3417
3.684		0.9353		-3.8245		-2.8892		0.3414
3.686		0.9349		-3.8241		-2.8892		0.3412
3.688		0.9350		-3.8242		-2.8892		0.3413
3.690		0.9357		-3.8249		-2.8892		0.3415
3.692		0.9369		-3.8261		-2.8892		0.3420
3.694		0.9387		-3.8278		-2.8892		0.3426
3.696		0.9408		-3.8300		-2.8892		0.3433
3.698		0.9433		-3.8325		-2.8892		0.3442
3.700		0.9461		-3.8354		-2.8892		0.3452
3.702		0.9491		-3.8384		-2.8893		0.3463
3.704		0.9523		-3.8417		-2.8894		0.3474
3.706		0.9556		-3.8450		-2.8894		0.3486
3.708		0.9588		-3.8483		-2.8895		0.3497
3.710		0.9619		-3.8516		-2.8896		0.3508
3.712		0.9650		-3.8547		-2.8897		0.3519
3.714		0.9678		-3.8576		-2.8898		0.3529
3.716		0.9704		-3.8604		-2.8899		0.3538
3.718		0.9728		-3.8629		-2.8900		0.3547
3.720		0.9750		-3.8651		-2.8901		0.3554
3.722		0.9769		-3.8672		-2.8902		0.3561
3.724		0.9787		-3.8690		-2.8903		0.3567
3.726		0.9802		-3.8706		-2.8904		0.3573
3.728		0.9816		-3.8722		-2.8905		0.3578
3.730		0.9830		-3.8736		-2.8906		0.3582
3.732		0.9843		-3.8750		-2.8907		0.3587
3.734		0.9857		-3.8764		-2.8907		0.3592
3.736		0.9871		-3.8779		-2.8908		0.3596
3.738		0.9885		-3.8794		-2.8908		0.3601
3.740		0.9901		-3.8810		-2.8909		0.3607
3.742		0.9917		-3.8827		-2.8910		0.3612
3.744		0.9933		-3.8844		-2.8911		0.3618
3.746		0.9949		-3.8860		-2.8911		0.3624
3.748		0.9964		-3.8876		-2.8912		0.3629
3.750		0.9978		-3.8891		-2.8913		0.3634
3.752		0.9990		-3.8904		-2.8914		0.3638
3.754		0.9999		-3.8914		-2.8915		0.3641
3.756		1.0005		-3.8921		-2.8916		0.3643
3.758		1.0007		-3.8925		-2.8918		0.3644
3.760		1.0007		-3.8925		-2.8919		0.3644
3.762		1.0003		-3.8922		-2.8920		0.3642
3.764		0.9995		-3.8916		-2.8921		0.3639
3.766		0.9985		-3.8906		-2.8922		0.3635
3.768		0.9971		-3.8893		-2.8922		0.3630
3.770		0.9955		-3.8878		-2.8923		0.3625
3.772		0.9937		-3.8861		-2.8924		0.3618
3.774		0.9917		-3.8841		-2.8925		0.3611
3.776		0.9895		-3.8821		-2.8925		0.3603
3.778		0.9873		-3.8799		-2.8926		0.3595
3.780		0.9850		-3.8776		-2.8926		0.3587
3.782		0.9827		-3.8754		-2.8927		0.3579
3.784		0.9804		-3.8731		-2.8927		0.3570
3.786		0.9781		-3.8709		-2.8928		0.3562
3.788		0.9759		-3.8688		-2.8928		0.3554
3.790		0.9738		-3.8667		-2.8929		0.3547
3.792		0.9718		-3.8647		-2.8929		0.3539
3.794		0.9700		-3.8629		-2.8930		0.3533
3.796		0.9682		-3.8612		-2.8930		0.3526
3.798		0.9667		-3.8597		-2.8930		0.3521
3.800		0.9653		-3.8584		-2.8931		0.3516
3.802		0.9642		-3.8573		-2.8931		0.3512
3.804		0.9632		-3.8564		-2.8932		0.3508
3.806		0.9625		-3.8557		-2.8932		0.3506
3.808		0.9620		-3.8552		-2.8932		0.3504
3.810		0.9617		-3.8549		-2.8933		0.3503
3.812		0.9615		-3.8548		-2.8933		0.3502
3.814		0.9614		-3.8548		-2.8934		0.3501
3.816		0.9614		-3.8548		-2.8934		0.3501
3.818		0.9614		-3.8549		-2.8935		0.3501
3.820		0.9613		-3.8549		-2.8936		0.3501
3.822		0.9612		-3.8548		-2.8936		0.3500
3.824		0.9609		-3.8546		-2.8937		0.3499
3.826		0.9605		-3.8543		-2.8938		0.3498
3.828		0.9599		-3.8537		-2.8939		0.3495
3.830		0.9591		-3.8530		-2.8939		0.3493
3.832		0.9581		-3.8521		-2.8940		0.3489
3.834		0.9570		-3.8511		-2.8941		0.3485
3.836		0.9558		-3.8499		-2.8941		0.3481
3.838		0.9544		-3.8486		-2.8942		0.3476
3.840		0.9531		-3.8473		-2.8942		0.3471
3.842		0.9517		-3.8460		-2.8943		0.3466
3.844		0.9504		-3.8447		-2.8943		0.3461
3.846		0.9492		-3.8435		-2.8943		0.3456
3.848		0.9481		-3.8424		-2.8944		0.3453
3.850		0.9472		-3.8415		-2.8944		0.3449
3.852		0.9465		-3.8409		-2.8944		0.3447
3.854		0.9460		-3.8404		-2.8944		0.3445
3.856		0.9459		-3.8403		-2.8944		0.3444
3.858		0.9460		-3.8404		-2.8944		0.3445
3.860		0.9465		-3.8409		-2.8944		0.3446
3.862		0.9472		-3.8416		-2.8945		0.3449
3.864		0.9482		-3.8427		-2.8945		0.3452
3.866		0.9495		-3.8440		-2.8945		0.3457
3.868		0.9510		-3.8456		-2.8945		0.3462
3.870		0.9527		-3.8473		-2.8946		0.3468
3.872		0.9546		-3.8492		-2.8946		0.3475
3.874		0.9566		-3.8513		-2.8947		0.3482
3.876		0.9587		-3.8534		-2.8947		0.3489
3.878		0.9608		-3.8555		-2.8948		0.3497
3.880		0.9628		-3.8576		-2.8948		0.3504
3.882		0.9647		-3.8596		-2.8949		0.3510
3.884		0.9665		-3.8615		-2.8950		0.3517
3.886		0.9682		-3.8632		-2.8951		0.3523
3.888		0.9696		-3.8647		-2.8952		0.3528
3.890		0.9708		-3.8660		-2.8952		0.3532
3.892		0.9717		-3.8671		-2.8953		0.3535
3.894		0.9724		-3.8678		-2.8954		0.3538
3.896		0.9728		-3.8683		-2.8955		0.3539
3.898		0.9730		-3.8685		-2.8955		0.3539
3.900		0.9728		-3.8684		-2.8956		0.3539
3.902		0.9724		-3.8681		-2.8957		0.3537
3.904		0.9718		-3.8675		-2.8957		0.3535
3.906		0.9709		-3.8667		-2.8958		0.3532
3.908		0.9698		-3.8657		-2.8959		0.3528
3.910		0.9686		-3.8645		-2.8959		0.3523
3.912		0.9672		-3.8631		-2.8959		0.3518
3.914		0.9657		-3.8617		-2.8960		0.3513
3.916		0.9642		-3.8602		-2.8960		0.3508
3.918		0.9626		-3.8587		-2.8960		0.3502
3.920		0.9611		-3.8572		-2.8960		0.3497
3.922		0.9597		-3.8557		-2.8960		0.3492
3.924		0.9585		-3.8545		-2.8960		0.3487
3.926		0.9574		-3.8534		-2.8960		0.3483
3.928		0.9565		-3.8525		-2.8960		0.3480
3.930		0.9559		-3.8518		-2.8960		0.3478
3.932		0.9555		-3.8515		-2.8960		0.3476
3.934		0.9555		-3.8514		-2.8959		0.3476
3.936		0.9557		-3.8516		-2.8959		0.3477
3.938		0.9562		-3.8521		-2.8959		0.3479
3.940		0.9570		-3.8529		-2.8959		0.3481
3.942		0.9581		-3.8540		-2.8959		0.3485
3.944		0.9594		-3.8552		-2.8959		0.3490
3.946		0.9609		-3.8567		-2.8959		0.3495
3.948		0.9625		-3.8584		-2.8959		0.3501
3.950		0.9642		-3.8601		-2.8959		0.3507
3.952		0.9661		-3.8620		-2.8959		0.3513
3.954		0.9680		-3.8639		-2.8959		0.3520
3.956		0.9698		-3.8658		-2.8959		0.3527
3.958		0.9716		-3.8676		-2.8960		0.3533
3.960		0.9734		-3.8694		-2.8960		0.3539
3.962		0.9750		-3.8711		-2.8961		0.3545
3.964		0.9765		-3.8726		-2.8961		0.3550
3.966		0.9778		-3.8739		-2.8961		0.3555
3.968		0.9789		-3.8751		-2.8962		0.3559
3.970		0.9798		-3.8761		-2.8962		0.3562
3.972		0.9805		-3.8768		-2.8963		0.3564
3.974		0.9809		-3.8773		-2.8963		0.3566
3.976		0.9811		-3.8775		-2.8964		0.3566
3.978		0.9810		-3.8775		-2.8964		0.3566
3.980		0.9807		-3.8772		-2.8965		0.3565
3.982		0.9801		-3.8766		-2.8966		0.3563
3.984		0.9792		-3.8758		-2.8966		0.3560
3.986		0.9781		-3.8748		-2.8967		0.3556
3.988		0.9767		-3.8734		-2.8967		0.3551
3.990		0.9751		-3.8719		-2.8968		0.3545
3.992		0.9733		-3.8701		-2.8968		0.3538
3.994		0.9713		-3.8681		-2.8969		0.3531
3.996		0.9690		-3.8660		-2.8969		0.3523
3.998		0.9667		-3.8637		-2.8970		0.3515
