# Averages varying with time steps
#  time		KE		PE		TE		Pr
0.000		0.3319		-2.9798		-2.6479		-2.4198
0.002		0.3319		-2.9798		-2.6479		0.1014
0.004		0.3319		-2.9798		-2.6479		0.1014
0.006		0.3318		-2.9797		-2.6479		0.1013
0.008		0.3317		-2.9796		-2.6479		0.1013
0.010		0.3316		-2.9795		-2.6479		0.1013
0.012		0.3315		-2.9794		-2.6479		0.1012
0.014		0.3313		-2.9792		-2.6479		0.1012
0.016		0.3311		-2.9790		-2.6479		0.1011
0.018		0.3308		-2.9788		-2.6479		0.1011
0.020		0.3306		-2.9785		-2.6479		0.1010
0.022		0.3303		-2.9782		-2.6479		0.1009
0.024		0.3300		-2.9779		-2.6479		0.1008
0.026		0.3296		-2.9775		-2.6479		0.1007
0.028		0.3292		-2.9771		-2.6479		0.1006
0.030		0.3288		-2.9767		-2.6479		0.1004
0.032		0.3283		-2.9762		-2.6479		0.1003
0.034		0.3278		-2.9757		-2.6479		0.1001
0.036		0.3273		-2.9752		-2.6479		0.1000
0.038		0.3267		-2.9746		-2.6479		0.0998
0.040		0.3261		-2.9740		-2.6479		0.0996
0.042		0.3254		-2.9733		-2.6479		0.0994
0.044		0.3247		-2.9726		-2.6479		0.0992
0.046		0.3239		-2.9719		-2.6479		0.0989
0.048		0.3231		-2.9710		-2.6479		0.0987
0.050		0.3222		-2.9702		-2.6479		0.0984
0.052		0.3213		-2.9693		-2.6479		0.0981
0.054		0.3203		-2.9683		-2.6480		0.0978
0.056		0.3193		-2.9673		-2.6480		0.0975
0.058		0.3182		-2.9662		-2.6480		0.0972
0.060		0.3171		-2.9650		-2.6480		0.0968
0.062		0.3159		-2.9638		-2.6480		0.0964
0.064		0.3146		-2.9626		-2.6480		0.0960
0.066		0.3132		-2.9612		-2.6480		0.0956
0.068		0.3118		-2.9598		-2.6480		0.0952
0.070		0.3104		-2.9584		-2.6480		0.0947
0.072		0.3088		-2.9568		-2.6480		0.0942
0.074		0.3072		-2.9553		-2.6480		0.0937
0.076		0.3056		-2.9536		-2.6480		0.0932
0.078		0.3039		-2.9519		-2.6480		0.0926
0.080		0.3021		-2.9501		-2.6480		0.0920
0.082		0.3002		-2.9482		-2.6480		0.0914
0.084		0.2983		-2.9463		-2.6480		0.0908
0.086		0.2963		-2.9444		-2.6480		0.0902
0.088		0.2943		-2.9423		-2.6480		0.0895
0.090		0.2922		-2.9403		-2.6480		0.0889
0.092		0.2901		-2.9381		-2.6480		0.0882
0.094		0.2879		-2.9360		-2.6480		0.0875
0.096		0.2857		-2.9338		-2.6480		0.0868
0.098		0.2835		-2.9315		-2.6480		0.0861
0.100		0.2812		-2.9293		-2.6480		0.0853
0.102		0.2790		-2.9270		-2.6480		0.0846
0.104		0.2766		-2.9247		-2.6480		0.0838
0.106		0.2743		-2.9224		-2.6480		0.0831
0.108		0.2720		-2.9200		-2.6480		0.0823
0.110		0.2697		-2.9177		-2.6480		0.0816
0.112		0.2674		-2.9154		-2.6480		0.0808
0.114		0.2651		-2.9131		-2.6480		0.0801
0.116		0.2628		-2.9108		-2.6480		0.0794
0.118		0.2606		-2.9085		-2.6480		0.0787
0.120		0.2584		-2.9063		-2.6479		0.0779
0.122		0.2562		-2.9041		-2.6479		0.0772
0.124		0.2541		-2.9020		-2.6479		0.0766
0.126		0.2520		-2.8999		-2.6479		0.0759
0.128		0.2499		-2.8978		-2.6479		0.0752
0.130		0.2480		-2.8958		-2.6479		0.0746
0.132		0.2461		-2.8939		-2.6479		0.0740
0.134		0.2442		-2.8920		-2.6478		0.0734
0.136		0.2424		-2.8902		-2.6478		0.0728
0.138		0.2407		-2.8885		-2.6478		0.0723
0.140		0.2391		-2.8868		-2.6478		0.0718
0.142		0.2375		-2.8853		-2.6478		0.0713
0.144		0.2360		-2.8837		-2.6477		0.0708
0.146		0.2346		-2.8823		-2.6477		0.0704
0.148		0.2333		-2.8810		-2.6477		0.0700
0.150		0.2320		-2.8797		-2.6477		0.0696
0.152		0.2309		-2.8785		-2.6477		0.0692
0.154		0.2298		-2.8774		-2.6476		0.0689
0.156		0.2288		-2.8764		-2.6476		0.0686
0.158		0.2279		-2.8755		-2.6476		0.0683
0.160		0.2271		-2.8747		-2.6476		0.0681
0.162		0.2264		-2.8739		-2.6476		0.0679
0.164		0.2257		-2.8733		-2.6475		0.0677
0.166		0.2252		-2.8727		-2.6475		0.0676
0.168		0.2247		-2.8722		-2.6475		0.0675
0.170		0.2243		-2.8718		-2.6475		0.0674
0.172		0.2240		-2.8715		-2.6475		0.0673
0.174		0.2238		-2.8712		-2.6474		0.0673
0.176		0.2237		-2.8711		-2.6474		0.0673
0.178		0.2236		-2.8710		-2.6474		0.0673
0.180		0.2236		-2.8710		-2.6474		0.0673
0.182		0.2237		-2.8710		-2.6474		0.0674
0.184		0.2239		-2.8712		-2.6473		0.0675
0.186		0.2241		-2.8714		-2.6473		0.0676
0.188		0.2244		-2.8717		-2.6473		0.0677
0.190		0.2247		-2.8720		-2.6473		0.0679
0.192		0.2252		-2.8724		-2.6473		0.0681
0.194		0.2256		-2.8729		-2.6472		0.0683
0.196		0.2262		-2.8734		-2.6472		0.0685
0.198		0.2268		-2.8740		-2.6472		0.0687
0.200		0.2274		-2.8746		-2.6472		0.0690
0.202		0.2281		-2.8752		-2.6472		0.0692
0.204		0.2288		-2.8759		-2.6471		0.0695
0.206		0.2295		-2.8767		-2.6471		0.0698
0.208		0.2303		-2.8775		-2.6471		0.0701
0.210		0.2312		-2.8783		-2.6471		0.0704
0.212		0.2320		-2.8791		-2.6471		0.0707
0.214		0.2329		-2.8800		-2.6471		0.0711
0.216		0.2338		-2.8809		-2.6470		0.0714
0.218		0.2348		-2.8818		-2.6470		0.0718
0.220		0.2357		-2.8828		-2.6470		0.0721
0.222		0.2367		-2.8837		-2.6470		0.0725
0.224		0.2377		-2.8847		-2.6470		0.0729
0.226		0.2387		-2.8857		-2.6470		0.0732
0.228		0.2397		-2.8867		-2.6470		0.0736
0.230		0.2408		-2.8877		-2.6469		0.0740
0.232		0.2418		-2.8887		-2.6469		0.0744
0.234		0.2429		-2.8898		-2.6469		0.0748
0.236		0.2439		-2.8908		-2.6469		0.0752
0.238		0.2450		-2.8919		-2.6469		0.0756
0.240		0.2461		-2.8929		-2.6469		0.0760
0.242		0.2471		-2.8940		-2.6468		0.0763
0.244		0.2482		-2.8950		-2.6468		0.0767
0.246		0.2493		-2.8961		-2.6468		0.0771
0.248		0.2504		-2.8972		-2.6468		0.0775
0.250		0.2514		-2.8982		-2.6468		0.0779
0.252		0.2525		-2.8993		-2.6468		0.0783
0.254		0.2536		-2.9004		-2.6468		0.0787
0.256		0.2547		-2.9014		-2.6467		0.0791
0.258		0.2558		-2.9025		-2.6467		0.0795
0.260		0.2569		-2.9036		-2.6467		0.0799
0.262		0.2580		-2.9047		-2.6467		0.0803
0.264		0.2591		-2.9058		-2.6467		0.0807
0.266		0.2602		-2.9068		-2.6467		0.0811
0.268		0.2613		-2.9079		-2.6466		0.0815
0.270		0.2624		-2.9090		-2.6466		0.0819
0.272		0.2635		-2.9101		-2.6466		0.0823
0.274		0.2646		-2.9112		-2.6466		0.0827
0.276		0.2657		-2.9123		-2.6466		0.0832
0.278		0.2668		-2.9134		-2.6466		0.0836
0.280		0.2680		-2.9145		-2.6466		0.0840
0.282		0.2691		-2.9156		-2.6465		0.0844
0.284		0.2702		-2.9167		-2.6465		0.0848
0.286		0.2713		-2.9178		-2.6465		0.0852
0.288		0.2724		-2.9189		-2.6465		0.0856
0.290		0.2735		-2.9200		-2.6465		0.0860
0.292		0.2747		-2.9211		-2.6465		0.0864
0.294		0.2758		-2.9222		-2.6464		0.0868
0.296		0.2769		-2.9233		-2.6464		0.0872
0.298		0.2780		-2.9244		-2.6464		0.0876
0.300		0.2791		-2.9255		-2.6464		0.0880
0.302		0.2802		-2.9266		-2.6464		0.0884
0.304		0.2813		-2.9276		-2.6464		0.0888
0.306		0.2823		-2.9287		-2.6463		0.0892
0.308		0.2834		-2.9297		-2.6463		0.0896
0.310		0.2844		-2.9307		-2.6463		0.0900
0.312		0.2855		-2.9318		-2.6463		0.0904
0.314		0.2865		-2.9328		-2.6463		0.0908
0.316		0.2875		-2.9337		-2.6463		0.0911
0.318		0.2885		-2.9347		-2.6463		0.0915
0.320		0.2894		-2.9357		-2.6462		0.0919
0.322		0.2904		-2.9366		-2.6462		0.0922
0.324		0.2913		-2.9375		-2.6462		0.0926
0.326		0.2922		-2.9384		-2.6462		0.0929
0.328		0.2930		-2.9392		-2.6462		0.0932
0.330		0.2939		-2.9401		-2.6462		0.0935
0.332		0.2947		-2.9409		-2.6462		0.0939
0.334		0.2955		-2.9417		-2.6462		0.0942
0.336		0.2963		-2.9424		-2.6461		0.0944
0.338		0.2970		-2.9431		-2.6461		0.0947
0.340		0.2977		-2.9438		-2.6461		0.0950
0.342		0.2984		-2.9445		-2.6461		0.0953
0.344		0.2990		-2.9451		-2.6461		0.0955
0.346		0.2997		-2.9458		-2.6461		0.0958
0.348		0.3002		-2.9463		-2.6461		0.0960
0.350		0.3008		-2.9469		-2.6461		0.0962
0.352		0.3013		-2.9474		-2.6461		0.0964
0.354		0.3018		-2.9479		-2.6460		0.0966
0.356		0.3023		-2.9483		-2.6460		0.0968
0.358		0.3027		-2.9487		-2.6460		0.0970
0.360		0.3031		-2.9491		-2.6460		0.0972
0.362		0.3034		-2.9495		-2.6460		0.0973
0.364		0.3038		-2.9498		-2.6460		0.0975
0.366		0.3041		-2.9501		-2.6460		0.0976
0.368		0.3044		-2.9504		-2.6460		0.0977
0.370		0.3047		-2.9506		-2.6460		0.0979
0.372		0.3049		-2.9509		-2.6460		0.0980
0.374		0.3052		-2.9511		-2.6459		0.0981
0.376		0.3055		-2.9514		-2.6459		0.0982
0.378		0.3057		-2.9516		-2.6459		0.0983
0.380		0.3060		-2.9519		-2.6459		0.0985
0.382		0.3062		-2.9521		-2.6459		0.0986
0.384		0.3065		-2.9524		-2.6459		0.0987
0.386		0.3068		-2.9527		-2.6459		0.0989
0.388		0.3072		-2.9530		-2.6458		0.0990
0.390		0.3076		-2.9534		-2.6458		0.0992
0.392		0.3080		-2.9538		-2.6458		0.0994
0.394		0.3085		-2.9543		-2.6458		0.0996
0.396		0.3091		-2.9548		-2.6458		0.0998
0.398		0.3097		-2.9554		-2.6457		0.1000
0.400		0.3104		-2.9561		-2.6457		0.1003
0.402		0.3111		-2.9568		-2.6457		0.1006
0.404		0.3120		-2.9576		-2.6457		0.1009
0.406		0.3129		-2.9585		-2.6456		0.1012
0.408		0.3139		-2.9595		-2.6456		0.1016
0.410		0.3149		-2.9605		-2.6456		0.1020
0.412		0.3161		-2.9616		-2.6456		0.1024
0.414		0.3173		-2.9628		-2.6455		0.1029
0.416		0.3186		-2.9641		-2.6455		0.1034
0.418		0.3200		-2.9654		-2.6455		0.1039
0.420		0.3214		-2.9669		-2.6455		0.1044
0.422		0.3229		-2.9683		-2.6454		0.1049
0.424		0.3244		-2.9698		-2.6454		0.1055
0.426		0.3260		-2.9714		-2.6454		0.1061
0.428		0.3276		-2.9730		-2.6454		0.1066
0.430		0.3292		-2.9746		-2.6453		0.1072
0.432		0.3309		-2.9762		-2.6453		0.1078
0.434		0.3326		-2.9779		-2.6453		0.1084
0.436		0.3342		-2.9795		-2.6453		0.1090
0.438		0.3359		-2.9812		-2.6453		0.1097
0.440		0.3376		-2.9829		-2.6452		0.1103
0.442		0.3393		-2.9845		-2.6452		0.1109
0.444		0.3410		-2.9862		-2.6452		0.1115
0.446		0.3427		-2.9879		-2.6452		0.1121
0.448		0.3444		-2.9895		-2.6452		0.1127
0.450		0.3461		-2.9912		-2.6451		0.1133
0.452		0.3477		-2.9928		-2.6451		0.1139
0.454		0.3494		-2.9945		-2.6451		0.1145
0.456		0.3511		-2.9961		-2.6450		0.1151
0.458		0.3528		-2.9978		-2.6450		0.1157
0.460		0.3545		-2.9995		-2.6450		0.1164
0.462		0.3562		-3.0011		-2.6450		0.1170
0.464		0.3579		-3.0028		-2.6449		0.1176
0.466		0.3596		-3.0045		-2.6449		0.1182
0.468		0.3613		-3.0062		-2.6449		0.1188
0.470		0.3631		-3.0079		-2.6448		0.1195
0.472		0.3649		-3.0096		-2.6448		0.1201
0.474		0.3666		-3.0114		-2.6448		0.1207
0.476		0.3684		-3.0131		-2.6447		0.1214
0.478		0.3702		-3.0149		-2.6447		0.1220
0.480		0.3720		-3.0166		-2.6447		0.1227
0.482		0.3737		-3.0184		-2.6446		0.1233
0.484		0.3755		-3.0201		-2.6446		0.1240
0.486		0.3772		-3.0218		-2.6446		0.1246
0.488		0.3789		-3.0235		-2.6445		0.1252
0.490		0.3806		-3.0251		-2.6445		0.1258
0.492		0.3822		-3.0267		-2.6445		0.1264
0.494		0.3838		-3.0283		-2.6444		0.1270
0.496		0.3853		-3.0298		-2.6444		0.1276
0.498		0.3868		-3.0312		-2.6444		0.1281
0.500		0.3883		-3.0326		-2.6444		0.1286
0.502		0.3896		-3.0340		-2.6443		0.1291
0.504		0.3909		-3.0352		-2.6443		0.1296
0.506		0.3922		-3.0365		-2.6443		0.1301
0.508		0.3933		-3.0376		-2.6443		0.1305
0.510		0.3945		-3.0387		-2.6442		0.1310
0.512		0.3955		-3.0397		-2.6442		0.1314
0.514		0.3965		-3.0407		-2.6442		0.1317
0.516		0.3975		-3.0417		-2.6442		0.1321
0.518		0.3984		-3.0426		-2.6441		0.1325
0.520		0.3993		-3.0434		-2.6441		0.1328
0.522		0.4001		-3.0442		-2.6441		0.1331
0.524		0.4009		-3.0450		-2.6440		0.1334
0.526		0.4017		-3.0457		-2.6440		0.1338
0.528		0.4025		-3.0465		-2.6440		0.1341
0.530		0.4032		-3.0472		-2.6440		0.1344
0.532		0.4040		-3.0479		-2.6439		0.1346
0.534		0.4047		-3.0486		-2.6439		0.1349
0.536		0.4054		-3.0493		-2.6439		0.1352
0.538		0.4061		-3.0499		-2.6438		0.1355
0.540		0.4068		-3.0506		-2.6438		0.1358
0.542		0.4076		-3.0513		-2.6438		0.1361
0.544		0.4083		-3.0520		-2.6437		0.1364
0.546		0.4090		-3.0528		-2.6437		0.1367
0.548		0.4098		-3.0535		-2.6437		0.1370
0.550		0.4106		-3.0542		-2.6437		0.1373
0.552		0.4113		-3.0550		-2.6436		0.1376
0.554		0.4121		-3.0557		-2.6436		0.1379
0.556		0.4129		-3.0565		-2.6436		0.1382
0.558		0.4137		-3.0573		-2.6435		0.1386
0.560		0.4145		-3.0580		-2.6435		0.1389
0.562		0.4153		-3.0588		-2.6435		0.1392
0.564		0.4161		-3.0596		-2.6435		0.1395
0.566		0.4169		-3.0604		-2.6435		0.1398
0.568		0.4177		-3.0611		-2.6434		0.1402
0.570		0.4185		-3.0619		-2.6434		0.1405
0.572		0.4192		-3.0626		-2.6434		0.1408
0.574		0.4200		-3.0634		-2.6434		0.1411
0.576		0.4207		-3.0641		-2.6434		0.1414
0.578		0.4215		-3.0648		-2.6434		0.1417
0.580		0.4222		-3.0655		-2.6433		0.1420
0.582		0.4228		-3.0662		-2.6433		0.1422
0.584		0.4235		-3.0668		-2.6433		0.1425
0.586		0.4241		-3.0674		-2.6433		0.1428
0.588		0.4247		-3.0680		-2.6433		0.1430
0.590		0.4253		-3.0686		-2.6433		0.1433
0.592		0.4258		-3.0691		-2.6433		0.1435
0.594		0.4264		-3.0697		-2.6433		0.1437
0.596		0.4269		-3.0702		-2.6433		0.1440
0.598		0.4274		-3.0707		-2.6433		0.1442
0.600		0.4279		-3.0712		-2.6433		0.1444
0.602		0.4284		-3.0717		-2.6433		0.1446
0.604		0.4289		-3.0721		-2.6433		0.1448
0.606		0.4294		-3.0726		-2.6432		0.1450
0.608		0.4299		-3.0732		-2.6432		0.1453
0.610		0.4304		-3.0737		-2.6432		0.1455
0.612		0.4310		-3.0742		-2.6432		0.1457
0.614		0.4316		-3.0748		-2.6432		0.1460
0.616		0.4322		-3.0754		-2.6432		0.1462
0.618		0.4329		-3.0761		-2.6432		0.1465
0.620		0.4336		-3.0768		-2.6432		0.1468
0.622		0.4343		-3.0775		-2.6432		0.1471
0.624		0.4351		-3.0783		-2.6432		0.1474
0.626		0.4360		-3.0791		-2.6432		0.1477
0.628		0.4368		-3.0800		-2.6432		0.1481
0.630		0.4377		-3.0809		-2.6432		0.1484
0.632		0.4387		-3.0818		-2.6432		0.1488
0.634		0.4396		-3.0828		-2.6432		0.1492
0.636		0.4406		-3.0837		-2.6432		0.1495
0.638		0.4416		-3.0847		-2.6431		0.1499
0.640		0.4425		-3.0857		-2.6431		0.1503
0.642		0.4435		-3.0867		-2.6431		0.1507
0.644		0.4445		-3.0877		-2.6431		0.1511
0.646		0.4455		-3.0887		-2.6431		0.1515
0.648		0.4465		-3.0897		-2.6431		0.1518
0.650		0.4475		-3.0906		-2.6431		0.1522
0.652		0.4485		-3.0916		-2.6431		0.1526
0.654		0.4495		-3.0926		-2.6431		0.1530
0.656		0.4505		-3.0936		-2.6431		0.1534
0.658		0.4515		-3.0946		-2.6431		0.1538
0.660		0.4525		-3.0956		-2.6431		0.1541
0.662		0.4536		-3.0966		-2.6431		0.1545
0.664		0.4547		-3.0977		-2.6431		0.1550
0.666		0.4558		-3.0988		-2.6430		0.1554
0.668		0.4570		-3.1000		-2.6430		0.1558
0.670		0.4582		-3.1012		-2.6430		0.1563
0.672		0.4595		-3.1025		-2.6430		0.1568
0.674		0.4609		-3.1038		-2.6430		0.1573
0.676		0.4623		-3.1052		-2.6429		0.1578
0.678		0.4638		-3.1067		-2.6429		0.1584
0.680		0.4654		-3.1083		-2.6429		0.1590
0.682		0.4671		-3.1099		-2.6429		0.1596
0.684		0.4688		-3.1117		-2.6428		0.1602
0.686		0.4706		-3.1134		-2.6428		0.1609
0.688		0.4725		-3.1153		-2.6428		0.1616
0.690		0.4744		-3.1172		-2.6427		0.1623
0.692		0.4764		-3.1191		-2.6427		0.1630
0.694		0.4785		-3.1212		-2.6427		0.1637
0.696		0.4805		-3.1232		-2.6427		0.1645
0.698		0.4826		-3.1253		-2.6426		0.1652
0.700		0.4848		-3.1274		-2.6426		0.1660
0.702		0.4869		-3.1295		-2.6426		0.1668
0.704		0.4891		-3.1317		-2.6426		0.1676
0.706		0.4913		-3.1338		-2.6426		0.1683
0.708		0.4934		-3.1359		-2.6425		0.1691
0.710		0.4955		-3.1381		-2.6425		0.1699
0.712		0.4977		-3.1402		-2.6425		0.1707
0.714		0.4998		-3.1422		-2.6425		0.1714
0.716		0.5018		-3.1443		-2.6425		0.1722
0.718		0.5038		-3.1462		-2.6424		0.1729
0.720		0.5057		-3.1482		-2.6424		0.1736
0.722		0.5076		-3.1501		-2.6424		0.1743
0.724		0.5094		-3.1518		-2.6424		0.1749
0.726		0.5112		-3.1536		-2.6424		0.1756
0.728		0.5128		-3.1552		-2.6424		0.1762
0.730		0.5143		-3.1567		-2.6424		0.1767
0.732		0.5158		-3.1581		-2.6424		0.1773
0.734		0.5171		-3.1594		-2.6424		0.1778
0.736		0.5183		-3.1606		-2.6424		0.1782
0.738		0.5193		-3.1617		-2.6424		0.1786
0.740		0.5202		-3.1626		-2.6424		0.1790
0.742		0.5210		-3.1633		-2.6424		0.1793
0.744		0.5215		-3.1639		-2.6424		0.1795
0.746		0.5220		-3.1644		-2.6424		0.1797
0.748		0.5223		-3.1646		-2.6424		0.1799
0.750		0.5224		-3.1648		-2.6424		0.1799
0.752		0.5223		-3.1647		-2.6424		0.1800
0.754		0.5221		-3.1646		-2.6424		0.1800
0.756		0.5218		-3.1642		-2.6424		0.1799
0.758		0.5213		-3.1637		-2.6424		0.1798
0.760		0.5207		-3.1631		-2.6424		0.1796
0.762		0.5200		-3.1624		-2.6424		0.1794
0.764		0.5191		-3.1616		-2.6424		0.1792
0.766		0.5182		-3.1607		-2.6425		0.1789
0.768		0.5172		-3.1597		-2.6425		0.1786
0.770		0.5162		-3.1586		-2.6425		0.1783
0.772		0.5151		-3.1575		-2.6425		0.1780
0.774		0.5140		-3.1564		-2.6425		0.1776
0.776		0.5128		-3.1553		-2.6425		0.1773
0.778		0.5117		-3.1542		-2.6425		0.1770
0.780		0.5106		-3.1531		-2.6425		0.1766
0.782		0.5096		-3.1521		-2.6425		0.1763
0.784		0.5086		-3.1511		-2.6425		0.1760
0.786		0.5077		-3.1501		-2.6425		0.1758
0.788		0.5068		-3.1493		-2.6425		0.1755
0.790		0.5060		-3.1485		-2.6425		0.1753
0.792		0.5054		-3.1478		-2.6425		0.1751
0.794		0.5048		-3.1472		-2.6425		0.1750
0.796		0.5043		-3.1467		-2.6425		0.1749
0.798		0.5039		-3.1463		-2.6425		0.1748
0.800		0.5036		-3.1461		-2.6425		0.1747
0.802		0.5034		-3.1459		-2.6425		0.1747
0.804		0.5034		-3.1458		-2.6425		0.1748
0.806		0.5034		-3.1459		-2.6425		0.1748
0.808		0.5036		-3.1460		-2.6425		0.1749
0.810		0.5038		-3.1463		-2.6425		0.1751
0.812		0.5042		-3.1467		-2.6425		0.1753
0.814		0.5047		-3.1472		-2.6425		0.1755
0.816		0.5053		-3.1477		-2.6425		0.1757
0.818		0.5059		-3.1484		-2.6425		0.1760
0.820		0.5067		-3.1492		-2.6425		0.1764
0.822		0.5076		-3.1501		-2.6425		0.1767
0.824		0.5085		-3.1510		-2.6425		0.1771
0.826		0.5095		-3.1520		-2.6425		0.1775
0.828		0.5106		-3.1531		-2.6425		0.1779
0.830		0.5117		-3.1543		-2.6425		0.1784
0.832		0.5129		-3.1555		-2.6425		0.1789
0.834		0.5142		-3.1567		-2.6425		0.1793
0.836		0.5154		-3.1580		-2.6425		0.1798
0.838		0.5167		-3.1592		-2.6425		0.1803
0.840		0.5180		-3.1606		-2.6426		0.1808
0.842		0.5193		-3.1619		-2.6426		0.1813
0.844		0.5206		-3.1632		-2.6426		0.1819
0.846		0.5220		-3.1645		-2.6426		0.1824
0.848		0.5233		-3.1658		-2.6426		0.1829
0.850		0.5246		-3.1672		-2.6426		0.1834
0.852		0.5259		-3.1685		-2.6426		0.1839
0.854		0.5272		-3.1698		-2.6426		0.1844
0.856		0.5285		-3.1711		-2.6426		0.1849
0.858		0.5298		-3.1724		-2.6426		0.1854
0.860		0.5311		-3.1736		-2.6426		0.1859
0.862		0.5324		-3.1749		-2.6426		0.1865
0.864		0.5336		-3.1762		-2.6425		0.1870
0.866		0.5349		-3.1775		-2.6425		0.1875
0.868		0.5362		-3.1787		-2.6425		0.1880
0.870		0.5375		-3.1800		-2.6425		0.1885
0.872		0.5388		-3.1813		-2.6425		0.1890
0.874		0.5401		-3.1827		-2.6425		0.1895
0.876		0.5415		-3.1840		-2.6425		0.1900
0.878		0.5428		-3.1853		-2.6425		0.1906
0.880		0.5442		-3.1867		-2.6425		0.1911
0.882		0.5456		-3.1881		-2.6425		0.1917
0.884		0.5471		-3.1895		-2.6425		0.1922
0.886		0.5485		-3.1909		-2.6425		0.1928
0.888		0.5499		-3.1924		-2.6424		0.1933
0.890		0.5514		-3.1939		-2.6424		0.1939
0.892		0.5529		-3.1953		-2.6424		0.1945
0.894		0.5544		-3.1968		-2.6424		0.1951
0.896		0.5558		-3.1983		-2.6424		0.1956
0.898		0.5573		-3.1997		-2.6424		0.1962
0.900		0.5587		-3.2012		-2.6424		0.1968
0.902		0.5602		-3.2026		-2.6424		0.1973
0.904		0.5616		-3.2040		-2.6424		0.1979
0.906		0.5629		-3.2054		-2.6424		0.1984
0.908		0.5643		-3.2067		-2.6425		0.1989
0.910		0.5655		-3.2080		-2.6425		0.1994
0.912		0.5668		-3.2092		-2.6425		0.1999
0.914		0.5679		-3.2104		-2.6425		0.2004
0.916		0.5690		-3.2115		-2.6425		0.2008
0.918		0.5701		-3.2126		-2.6425		0.2013
0.920		0.5710		-3.2136		-2.6425		0.2017
0.922		0.5719		-3.2145		-2.6425		0.2020
0.924		0.5727		-3.2153		-2.6426		0.2024
0.926		0.5735		-3.2160		-2.6426		0.2027
0.928		0.5741		-3.2167		-2.6426		0.2030
0.930		0.5747		-3.2173		-2.6426		0.2032
0.932		0.5752		-3.2178		-2.6426		0.2035
0.934		0.5756		-3.2182		-2.6426		0.2037
0.936		0.5759		-3.2185		-2.6427		0.2038
0.938		0.5761		-3.2188		-2.6427		0.2040
0.940		0.5763		-3.2190		-2.6427		0.2041
0.942		0.5764		-3.2191		-2.6427		0.2042
0.944		0.5764		-3.2191		-2.6427		0.2042
0.946		0.5764		-3.2191		-2.6428		0.2043
0.948		0.5763		-3.2191		-2.6428		0.2043
0.950		0.5762		-3.2190		-2.6428		0.2043
0.952		0.5761		-3.2189		-2.6428		0.2043
0.954		0.5760		-3.2188		-2.6428		0.2043
0.956		0.5759		-3.2187		-2.6428		0.2043
0.958		0.5758		-3.2186		-2.6428		0.2044
0.960		0.5757		-3.2185		-2.6428		0.2044
0.962		0.5757		-3.2185		-2.6428		0.2044
0.964		0.5758		-3.2186		-2.6428		0.2045
0.966		0.5760		-3.2188		-2.6428		0.2046
0.968		0.5762		-3.2190		-2.6428		0.2047
0.970		0.5766		-3.2194		-2.6428		0.2049
0.972		0.5771		-3.2199		-2.6428		0.2051
0.974		0.5777		-3.2205		-2.6428		0.2054
0.976		0.5785		-3.2213		-2.6428		0.2057
0.978		0.5794		-3.2222		-2.6428		0.2060
0.980		0.5805		-3.2232		-2.6428		0.2064
0.982		0.5817		-3.2244		-2.6427		0.2069
0.984		0.5830		-3.2258		-2.6427		0.2074
0.986		0.5845		-3.2272		-2.6427		0.2079
0.988		0.5861		-3.2288		-2.6427		0.2085
0.990		0.5878		-3.2306		-2.6427		0.2091
0.992		0.5897		-3.2324		-2.6427		0.2098
0.994		0.5916		-3.2343		-2.6427		0.2105
0.996		0.5937		-3.2364		-2.6427		0.2112
0.998		0.5957		-3.2385		-2.6427		0.2120
1.000		0.5979		-3.2406		-2.6427		0.2127
1.002		0.6001		-3.2428		-2.6427		0.2135
1.004		0.6023		-3.2450		-2.6427		0.2143
1.006		0.6045		-3.2472		-2.6427		0.2151
1.008		0.6067		-3.2494		-2.6428		0.2158
1.010		0.6088		-3.2516		-2.6428		0.2166
1.012		0.6109		-3.2537		-2.6428		0.2174
1.014		0.6130		-3.2558		-2.6428		0.2181
1.016		0.6150		-3.2578		-2.6428		0.2188
1.018		0.6169		-3.2597		-2.6428		0.2195
1.020		0.6187		-3.2615		-2.6429		0.2201
1.022		0.6204		-3.2633		-2.6429		0.2207
1.024		0.6220		-3.2649		-2.6429		0.2213
1.026		0.6235		-3.2665		-2.6429		0.2218
1.028		0.6250		-3.2679		-2.6429		0.2223
1.030		0.6263		-3.2693		-2.6430		0.2228
1.032		0.6276		-3.2705		-2.6430		0.2233
1.034		0.6287		-3.2717		-2.6430		0.2237
1.036		0.6299		-3.2729		-2.6430		0.2241
1.038		0.6309		-3.2739		-2.6430		0.2245
1.040		0.6320		-3.2750		-2.6430		0.2249
1.042		0.6330		-3.2760		-2.6430		0.2252
1.044		0.6340		-3.2770		-2.6430		0.2256
1.046		0.6350		-3.2780		-2.6430		0.2259
1.048		0.6360		-3.2790		-2.6430		0.2263
1.050		0.6370		-3.2800		-2.6430		0.2267
1.052		0.6381		-3.2811		-2.6430		0.2271
1.054		0.6392		-3.2822		-2.6430		0.2275
1.056		0.6403		-3.2834		-2.6430		0.2279
1.058		0.6416		-3.2846		-2.6430		0.2283
1.060		0.6429		-3.2859		-2.6430		0.2288
1.062		0.6442		-3.2872		-2.6430		0.2293
1.064		0.6456		-3.2886		-2.6430		0.2298
1.066		0.6471		-3.2901		-2.6430		0.2303
1.068		0.6487		-3.2916		-2.6430		0.2309
1.070		0.6503		-3.2933		-2.6429		0.2314
1.072		0.6520		-3.2949		-2.6429		0.2320
1.074		0.6537		-3.2966		-2.6429		0.2326
1.076		0.6555		-3.2984		-2.6429		0.2333
1.078		0.6573		-3.3002		-2.6429		0.2339
1.080		0.6592		-3.3021		-2.6429		0.2346
1.082		0.6611		-3.3039		-2.6429		0.2352
1.084		0.6630		-3.3058		-2.6429		0.2359
1.086		0.6649		-3.3077		-2.6429		0.2366
1.088		0.6668		-3.3096		-2.6428		0.2373
1.090		0.6687		-3.3115		-2.6428		0.2379
1.092		0.6706		-3.3134		-2.6428		0.2386
1.094		0.6724		-3.3152		-2.6428		0.2393
1.096		0.6743		-3.3171		-2.6428		0.2399
1.098		0.6760		-3.3188		-2.6428		0.2405
1.100		0.6778		-3.3206		-2.6428		0.2412
1.102		0.6794		-3.3222		-2.6428		0.2417
1.104		0.6810		-3.3238		-2.6428		0.2423
1.106		0.6826		-3.3253		-2.6428		0.2429
1.108		0.6840		-3.3267		-2.6427		0.2434
1.110		0.6853		-3.3281		-2.6427		0.2439
1.112		0.6866		-3.3293		-2.6427		0.2443
1.114		0.6878		-3.3305		-2.6427		0.2447
1.116		0.6888		-3.3315		-2.6427		0.2451
1.118		0.6898		-3.3325		-2.6427		0.2455
1.120		0.6906		-3.3333		-2.6427		0.2458
1.122		0.6913		-3.3340		-2.6427		0.2460
1.124		0.6919		-3.3346		-2.6427		0.2463
1.126		0.6924		-3.3351		-2.6427		0.2465
1.128		0.6929		-3.3355		-2.6427		0.2466
1.130		0.6932		-3.3358		-2.6426		0.2467
1.132		0.6934		-3.3360		-2.6426		0.2468
1.134		0.6935		-3.3361		-2.6426		0.2469
1.136		0.6935		-3.3361		-2.6426		0.2469
1.138		0.6935		-3.3360		-2.6426		0.2469
1.140		0.6933		-3.3359		-2.6426		0.2469
1.142		0.6932		-3.3357		-2.6425		0.2469
1.144		0.6929		-3.3354		-2.6425		0.2468
1.146		0.6926		-3.3351		-2.6425		0.2467
1.148		0.6923		-3.3347		-2.6424		0.2466
1.150		0.6919		-3.3343		-2.6424		0.2465
1.152		0.6915		-3.3339		-2.6424		0.2464
1.154		0.6911		-3.3335		-2.6423		0.2463
1.156		0.6907		-3.3330		-2.6423		0.2462
1.158		0.6903		-3.3325		-2.6423		0.2461
1.160		0.6899		-3.3321		-2.6422		0.2460
1.162		0.6894		-3.3316		-2.6422		0.2458
1.164		0.6890		-3.3312		-2.6421		0.2457
1.166		0.6886		-3.3308		-2.6421		0.2456
1.168		0.6883		-3.3303		-2.6421		0.2455
1.170		0.6879		-3.3299		-2.6420		0.2454
1.172		0.6876		-3.3295		-2.6420		0.2453
1.174		0.6872		-3.3291		-2.6419		0.2453
1.176		0.6869		-3.3288		-2.6419		0.2452
1.178		0.6866		-3.3284		-2.6418		0.2451
1.180		0.6863		-3.3281		-2.6418		0.2450
1.182		0.6860		-3.3277		-2.6417		0.2450
1.184		0.6858		-3.3274		-2.6416		0.2449
1.186		0.6855		-3.3271		-2.6416		0.2448
1.188		0.6853		-3.3268		-2.6415		0.2448
1.190		0.6850		-3.3265		-2.6415		0.2447
1.192		0.6848		-3.3262		-2.6414		0.2447
1.194		0.6846		-3.3260		-2.6413		0.2447
1.196		0.6844		-3.3257		-2.6413		0.2446
1.198		0.6843		-3.3255		-2.6412		0.2446
1.200		0.6841		-3.3252		-2.6411		0.2446
1.202		0.6839		-3.3250		-2.6411		0.2446
1.204		0.6838		-3.3248		-2.6410		0.2445
1.206		0.6837		-3.3247		-2.6409		0.2445
1.208		0.6836		-3.3245		-2.6409		0.2445
1.210		0.6835		-3.3243		-2.6408		0.2445
1.212		0.6835		-3.3242		-2.6407		0.2446
1.214		0.6834		-3.3241		-2.6407		0.2446
1.216		0.6833		-3.3239		-2.6406		0.2446
1.218		0.6832		-3.3238		-2.6406		0.2446
1.220		0.6831		-3.3236		-2.6405		0.2446
1.222		0.6830		-3.3234		-2.6404		0.2446
1.224		0.6829		-3.3232		-2.6404		0.2446
1.226		0.6827		-3.3230		-2.6403		0.2445
1.228		0.6824		-3.3227		-2.6403		0.2445
1.230		0.6822		-3.3224		-2.6402		0.2444
1.232		0.6818		-3.3220		-2.6402		0.2443
1.234		0.6814		-3.3216		-2.6401		0.2442
1.236		0.6810		-3.3211		-2.6401		0.2441
1.238		0.6805		-3.3205		-2.6400		0.2440
1.240		0.6800		-3.3200		-2.6400		0.2438
1.242		0.6795		-3.3194		-2.6399		0.2437
1.244		0.6789		-3.3188		-2.6399		0.2435
1.246		0.6783		-3.3182		-2.6398		0.2433
1.248		0.6778		-3.3176		-2.6398		0.2432
1.250		0.6773		-3.3170		-2.6397		0.2430
1.252		0.6768		-3.3165		-2.6397		0.2429
1.254		0.6764		-3.3160		-2.6396		0.2428
1.256		0.6761		-3.3156		-2.6396		0.2427
1.258		0.6759		-3.3154		-2.6395		0.2427
1.260		0.6758		-3.3153		-2.6395		0.2427
1.262		0.6759		-3.3153		-2.6394		0.2427
1.264		0.6761		-3.3154		-2.6393		0.2428
1.266		0.6765		-3.3158		-2.6393		0.2430
1.268		0.6771		-3.3163		-2.6392		0.2432
1.270		0.6779		-3.3170		-2.6392		0.2435
1.272		0.6788		-3.3180		-2.6391		0.2438
1.274		0.6800		-3.3191		-2.6391		0.2443
1.276		0.6814		-3.3204		-2.6390		0.2448
1.278		0.6830		-3.3220		-2.6390		0.2453
1.280		0.6848		-3.3237		-2.6389		0.2459
1.282		0.6867		-3.3256		-2.6389		0.2466
1.284		0.6889		-3.3277		-2.6388		0.2474
1.286		0.6912		-3.3300		-2.6388		0.2482
1.288		0.6937		-3.3325		-2.6388		0.2491
1.290		0.6964		-3.3351		-2.6387		0.2500
1.292		0.6991		-3.3378		-2.6387		0.2510
1.294		0.7020		-3.3406		-2.6387		0.2520
1.296		0.7049		-3.3435		-2.6387		0.2530
1.298		0.7078		-3.3465		-2.6386		0.2540
1.300		0.7108		-3.3494		-2.6386		0.2551
1.302		0.7138		-3.3524		-2.6386		0.2561
1.304		0.7167		-3.3553		-2.6386		0.2571
1.306		0.7195		-3.3581		-2.6386		0.2581
1.308		0.7222		-3.3608		-2.6386		0.2590
1.310		0.7248		-3.3634		-2.6386		0.2599
1.312		0.7272		-3.3659		-2.6386		0.2608
1.314		0.7295		-3.3681		-2.6386		0.2615
1.316		0.7315		-3.3702		-2.6386		0.2623
1.318		0.7334		-3.3720		-2.6386		0.2629
1.320		0.7350		-3.3736		-2.6386		0.2635
1.322		0.7364		-3.3750		-2.6386		0.2639
1.324		0.7375		-3.3762		-2.6386		0.2644
1.326		0.7385		-3.3771		-2.6386		0.2647
1.328		0.7392		-3.3778		-2.6386		0.2650
1.330		0.7398		-3.3784		-2.6386		0.2651
1.332		0.7401		-3.3787		-2.6386		0.2653
1.334		0.7403		-3.3789		-2.6386		0.2654
1.336		0.7404		-3.3789		-2.6385		0.2654
1.338		0.7403		-3.3789		-2.6385		0.2654
1.340		0.7402		-3.3787		-2.6385		0.2653
1.342		0.7400		-3.3784		-2.6384		0.2653
1.344		0.7397		-3.3781		-2.6384		0.2652
1.346		0.7394		-3.3777		-2.6384		0.2651
1.348		0.7391		-3.3774		-2.6383		0.2650
1.350		0.7388		-3.3770		-2.6383		0.2649
1.352		0.7385		-3.3767		-2.6382		0.2648
1.354		0.7383		-3.3764		-2.6381		0.2648
1.356		0.7380		-3.3761		-2.6381		0.2647
1.358		0.7379		-3.3759		-2.6380		0.2647
1.360		0.7377		-3.3757		-2.6380		0.2646
1.362		0.7377		-3.3756		-2.6379		0.2646
1.364		0.7376		-3.3755		-2.6379		0.2646
1.366		0.7376		-3.3754		-2.6378		0.2646
1.368		0.7376		-3.3754		-2.6378		0.2647
1.370		0.7376		-3.3753		-2.6377		0.2647
1.372		0.7377		-3.3753		-2.6377		0.2647
1.374		0.7377		-3.3753		-2.6376		0.2648
1.376		0.7377		-3.3753		-2.6376		0.2648
1.378		0.7377		-3.3752		-2.6375		0.2648
1.380		0.7376		-3.3751		-2.6375		0.2648
1.382		0.7375		-3.3749		-2.6375		0.2648
1.384		0.7373		-3.3747		-2.6374		0.2647
1.386		0.7371		-3.3745		-2.6374		0.2647
1.388		0.7368		-3.3741		-2.6374		0.2646
1.390		0.7364		-3.3737		-2.6373		0.2645
1.392		0.7360		-3.3733		-2.6373		0.2643
1.394		0.7354		-3.3727		-2.6373		0.2642
1.396		0.7349		-3.3721		-2.6372		0.2640
1.398		0.7342		-3.3714		-2.6372		0.2638
1.400		0.7335		-3.3707		-2.6372		0.2636
1.402		0.7328		-3.3699		-2.6371		0.2634
1.404		0.7320		-3.3691		-2.6371		0.2631
1.406		0.7313		-3.3683		-2.6371		0.2629
1.408		0.7305		-3.3675		-2.6370		0.2626
1.410		0.7297		-3.3667		-2.6370		0.2624
1.412		0.7290		-3.3659		-2.6369		0.2621
1.414		0.7283		-3.3652		-2.6369		0.2619
1.416		0.7276		-3.3645		-2.6368		0.2617
1.418		0.7271		-3.3639		-2.6368		0.2615
1.420		0.7266		-3.3633		-2.6368		0.2614
1.422		0.7261		-3.3628		-2.6367		0.2612
1.424		0.7258		-3.3624		-2.6367		0.2611
1.426		0.7255		-3.3622		-2.6366		0.2611
1.428		0.7254		-3.3620		-2.6366		0.2610
1.430		0.7253		-3.3619		-2.6365		0.2610
1.432		0.7254		-3.3619		-2.6365		0.2611
1.434		0.7256		-3.3620		-2.6365		0.2611
1.436		0.7259		-3.3623		-2.6364		0.2613
1.438		0.7263		-3.3627		-2.6364		0.2614
1.440		0.7269		-3.3632		-2.6363		0.2616
1.442		0.7275		-3.3638		-2.6363		0.2619
1.444		0.7284		-3.3646		-2.6363		0.2622
1.446		0.7293		-3.3655		-2.6362		0.2625
1.448		0.7304		-3.3666		-2.6362		0.2629
1.450		0.7317		-3.3678		-2.6361		0.2633
1.452		0.7331		-3.3692		-2.6361		0.2638
1.454		0.7347		-3.3707		-2.6360		0.2644
1.456		0.7365		-3.3725		-2.6360		0.2650
1.458		0.7384		-3.3743		-2.6360		0.2657
1.460		0.7405		-3.3764		-2.6359		0.2664
1.462		0.7427		-3.3786		-2.6359		0.2672
1.464		0.7452		-3.3810		-2.6358		0.2681
1.466		0.7478		-3.3836		-2.6358		0.2690
1.468		0.7505		-3.3863		-2.6358		0.2699
1.470		0.7533		-3.3891		-2.6357		0.2709
1.472		0.7563		-3.3920		-2.6357		0.2719
1.474		0.7594		-3.3951		-2.6357		0.2730
1.476		0.7625		-3.3982		-2.6356		0.2741
1.478		0.7657		-3.4013		-2.6356		0.2752
1.480		0.7689		-3.4045		-2.6356		0.2763
1.482		0.7721		-3.4077		-2.6356		0.2774
1.484		0.7753		-3.4109		-2.6356		0.2785
1.486		0.7785		-3.4140		-2.6356		0.2796
1.488		0.7815		-3.4171		-2.6355		0.2807
1.490		0.7845		-3.4201		-2.6355		0.2817
1.492		0.7874		-3.4229		-2.6355		0.2827
1.494		0.7902		-3.4257		-2.6355		0.2837
1.496		0.7928		-3.4283		-2.6355		0.2846
1.498		0.7953		-3.4308		-2.6355		0.2855
1.500		0.7976		-3.4331		-2.6355		0.2863
1.502		0.7998		-3.4353		-2.6355		0.2870
1.504		0.8018		-3.4373		-2.6355		0.2877
1.506		0.8036		-3.4391		-2.6355		0.2884
1.508		0.8053		-3.4408		-2.6355		0.2890
1.510		0.8068		-3.4423		-2.6355		0.2895
1.512		0.8082		-3.4437		-2.6355		0.2900
1.514		0.8094		-3.4449		-2.6355		0.2904
1.516		0.8104		-3.4459		-2.6355		0.2908
1.518		0.8112		-3.4467		-2.6355		0.2911
1.520		0.8119		-3.4474		-2.6355		0.2913
1.522		0.8124		-3.4479		-2.6355		0.2915
1.524		0.8127		-3.4482		-2.6355		0.2916
1.526		0.8129		-3.4483		-2.6354		0.2917
1.528		0.8128		-3.4483		-2.6354		0.2917
1.530		0.8126		-3.4481		-2.6354		0.2917
1.532		0.8123		-3.4477		-2.6354		0.2916
1.534		0.8118		-3.4472		-2.6354		0.2914
1.536		0.8111		-3.4465		-2.6354		0.2912
1.538		0.8102		-3.4456		-2.6354		0.2909
1.540		0.8092		-3.4446		-2.6354		0.2906
1.542		0.8081		-3.4435		-2.6354		0.2902
1.544		0.8068		-3.4421		-2.6354		0.2898
1.546		0.8053		-3.4407		-2.6353		0.2893
1.548		0.8037		-3.4391		-2.6353		0.2888
1.550		0.8019		-3.4373		-2.6353		0.2882
1.552		0.8000		-3.4353		-2.6353		0.2875
1.554		0.7978		-3.4332		-2.6353		0.2868
1.556		0.7955		-3.4308		-2.6353		0.2860
1.558		0.7930		-3.4283		-2.6353		0.2852
1.560		0.7903		-3.4256		-2.6353		0.2842
1.562		0.7874		-3.4227		-2.6353		0.2833
1.564		0.7843		-3.4196		-2.6353		0.2822
1.566		0.7810		-3.4163		-2.6354		0.2811
1.568		0.7775		-3.4129		-2.6354		0.2799
1.570		0.7739		-3.4093		-2.6354		0.2787
1.572		0.7702		-3.4056		-2.6354		0.2774
1.574		0.7664		-3.4018		-2.6354		0.2761
1.576		0.7625		-3.3979		-2.6354		0.2748
1.578		0.7587		-3.3940		-2.6353		0.2735
1.580		0.7549		-3.3902		-2.6353		0.2722
1.582		0.7511		-3.3864		-2.6353		0.2709
1.584		0.7476		-3.3828		-2.6353		0.2697
1.586		0.7442		-3.3794		-2.6352		0.2685
1.588		0.7411		-3.3763		-2.6352		0.2675
1.590		0.7383		-3.3734		-2.6351		0.2665
1.592		0.7358		-3.3709		-2.6351		0.2657
1.594		0.7337		-3.3688		-2.6351		0.2650
1.596		0.7320		-3.3670		-2.6350		0.2644
1.598		0.7307		-3.3657		-2.6350		0.2639
1.600		0.7299		-3.3648		-2.6349		0.2636
1.602		0.7294		-3.3643		-2.6349		0.2635
1.604		0.7293		-3.3641		-2.6348		0.2635
1.606		0.7295		-3.3644		-2.6348		0.2636
1.608		0.7301		-3.3649		-2.6348		0.2638
1.610		0.7309		-3.3657		-2.6348		0.2641
1.612		0.7320		-3.3668		-2.6348		0.2644
1.614		0.7333		-3.3681		-2.6348		0.2649
1.616		0.7347		-3.3695		-2.6348		0.2654
1.618		0.7362		-3.3710		-2.6348		0.2659
1.620		0.7378		-3.3726		-2.6348		0.2665
1.622		0.7394		-3.3742		-2.6348		0.2670
1.624		0.7411		-3.3759		-2.6349		0.2676
1.626		0.7428		-3.3777		-2.6349		0.2682
1.628		0.7445		-3.3794		-2.6349		0.2688
1.630		0.7463		-3.3812		-2.6349		0.2694
1.632		0.7481		-3.3830		-2.6349		0.2701
1.634		0.7499		-3.3848		-2.6349		0.2707
1.636		0.7518		-3.3867		-2.6349		0.2714
1.638		0.7537		-3.3886		-2.6349		0.2720
1.640		0.7558		-3.3907		-2.6349		0.2727
1.642		0.7578		-3.3927		-2.6349		0.2735
1.644		0.7600		-3.3949		-2.6349		0.2742
1.646		0.7622		-3.3970		-2.6349		0.2750
1.648		0.7644		-3.3992		-2.6349		0.2758
1.650		0.7666		-3.4015		-2.6349		0.2765
1.652		0.7689		-3.4037		-2.6348		0.2773
1.654		0.7711		-3.4059		-2.6348		0.2781
1.656		0.7732		-3.4080		-2.6348		0.2788
1.658		0.7753		-3.4101		-2.6348		0.2796
1.660		0.7772		-3.4121		-2.6348		0.2803
1.662		0.7791		-3.4139		-2.6348		0.2809
1.664		0.7808		-3.4156		-2.6348		0.2815
1.666		0.7823		-3.4171		-2.6348		0.2820
1.668		0.7836		-3.4184		-2.6348		0.2825
1.670		0.7847		-3.4195		-2.6348		0.2829
1.672		0.7855		-3.4204		-2.6348		0.2832
1.674		0.7862		-3.4210		-2.6349		0.2835
1.676		0.7866		-3.4214		-2.6349		0.2836
1.678		0.7867		-3.4216		-2.6349		0.2837
1.680		0.7866		-3.4215		-2.6349		0.2837
1.682		0.7863		-3.4211		-2.6349		0.2836
1.684		0.7857		-3.4206		-2.6349		0.2834
1.686		0.7848		-3.4198		-2.6349		0.2831
1.688		0.7838		-3.4187		-2.6349		0.2828
1.690		0.7826		-3.4175		-2.6349		0.2824
1.692		0.7812		-3.4161		-2.6349		0.2819
1.694		0.7797		-3.4146		-2.6349		0.2814
1.696		0.7781		-3.4130		-2.6349		0.2809
1.698		0.7764		-3.4113		-2.6349		0.2803
1.700		0.7746		-3.4095		-2.6349		0.2797
1.702		0.7729		-3.4077		-2.6349		0.2791
1.704		0.7711		-3.4060		-2.6349		0.2785
1.706		0.7695		-3.4043		-2.6348		0.2780
1.708		0.7680		-3.4028		-2.6348		0.2775
1.710		0.7666		-3.4013		-2.6348		0.2770
1.712		0.7653		-3.4001		-2.6348		0.2766
1.714		0.7643		-3.3990		-2.6347		0.2762
1.716		0.7634		-3.3981		-2.6347		0.2760
1.718		0.7628		-3.3974		-2.6346		0.2758
1.720		0.7624		-3.3970		-2.6346		0.2756
1.722		0.7623		-3.3968		-2.6346		0.2756
1.724		0.7624		-3.3969		-2.6345		0.2757
1.726		0.7627		-3.3972		-2.6345		0.2758
1.728		0.7633		-3.3977		-2.6345		0.2760
1.730		0.7640		-3.3984		-2.6344		0.2762
1.732		0.7650		-3.3994		-2.6344		0.2766
1.734		0.7661		-3.4005		-2.6344		0.2770
1.736		0.7674		-3.4017		-2.6344		0.2774
1.738		0.7687		-3.4031		-2.6343		0.2779
1.740		0.7702		-3.4045		-2.6343		0.2784
1.742		0.7718		-3.4060		-2.6343		0.2790
1.744		0.7733		-3.4076		-2.6343		0.2795
1.746		0.7749		-3.4092		-2.6343		0.2800
1.748		0.7764		-3.4107		-2.6343		0.2806
1.750		0.7779		-3.4122		-2.6342		0.2811
1.752		0.7793		-3.4136		-2.6342		0.2816
1.754		0.7806		-3.4149		-2.6342		0.2820
1.756		0.7818		-3.4161		-2.6342		0.2825
1.758		0.7829		-3.4171		-2.6342		0.2828
1.760		0.7838		-3.4180		-2.6342		0.2831
1.762		0.7845		-3.4187		-2.6342		0.2834
1.764		0.7850		-3.4192		-2.6342		0.2836
1.766		0.7853		-3.4195		-2.6342		0.2837
1.768		0.7855		-3.4197		-2.6342		0.2837
1.770		0.7854		-3.4196		-2.6342		0.2837
1.772		0.7851		-3.4193		-2.6342		0.2836
1.774		0.7846		-3.4188		-2.6342		0.2834
1.776		0.7838		-3.4180		-2.6342		0.2832
1.778		0.7829		-3.4171		-2.6342		0.2828
1.780		0.7818		-3.4159		-2.6342		0.2824
1.782		0.7804		-3.4146		-2.6342		0.2820
1.784		0.7789		-3.4130		-2.6342		0.2815
1.786		0.7772		-3.4113		-2.6342		0.2809
1.788		0.7753		-3.4094		-2.6342		0.2802
1.790		0.7732		-3.4074		-2.6341		0.2795
1.792		0.7710		-3.4052		-2.6341		0.2788
1.794		0.7687		-3.4028		-2.6341		0.2780
1.796		0.7663		-3.4004		-2.6341		0.2772
1.798		0.7638		-3.3979		-2.6341		0.2763
1.800		0.7612		-3.3953		-2.6341		0.2754
1.802		0.7586		-3.3927		-2.6340		0.2745
1.804		0.7560		-3.3900		-2.6340		0.2736
1.806		0.7534		-3.3874		-2.6340		0.2727
1.808		0.7508		-3.3848		-2.6340		0.2719
1.810		0.7483		-3.3822		-2.6339		0.2710
1.812		0.7459		-3.3798		-2.6339		0.2702
1.814		0.7435		-3.3774		-2.6339		0.2694
1.816		0.7414		-3.3752		-2.6339		0.2686
1.818		0.7394		-3.3732		-2.6338		0.2680
1.820		0.7376		-3.3714		-2.6338		0.2674
1.822		0.7360		-3.3697		-2.6337		0.2668
1.824		0.7346		-3.3683		-2.6337		0.2664
1.826		0.7335		-3.3672		-2.6337		0.2660
1.828		0.7327		-3.3663		-2.6336		0.2657
1.830		0.7321		-3.3657		-2.6336		0.2655
1.832		0.7318		-3.3654		-2.6336		0.2654
1.834		0.7318		-3.3654		-2.6335		0.2654
1.836		0.7321		-3.3656		-2.6335		0.2655
1.838		0.7326		-3.3661		-2.6335		0.2657
1.840		0.7334		-3.3668		-2.6334		0.2660
1.842		0.7344		-3.3678		-2.6334		0.2664
1.844		0.7356		-3.3690		-2.6334		0.2668
1.846		0.7370		-3.3704		-2.6334		0.2673
1.848		0.7386		-3.3720		-2.6334		0.2678
1.850		0.7403		-3.3737		-2.6334		0.2684
1.852		0.7422		-3.3756		-2.6334		0.2691
1.854		0.7443		-3.3776		-2.6334		0.2698
1.856		0.7464		-3.3797		-2.6334		0.2705
1.858		0.7486		-3.3819		-2.6334		0.2713
1.860		0.7508		-3.3842		-2.6334		0.2721
1.862		0.7531		-3.3865		-2.6334		0.2729
1.864		0.7554		-3.3888		-2.6334		0.2737
1.866		0.7577		-3.3912		-2.6334		0.2745
1.868		0.7600		-3.3935		-2.6334		0.2752
1.870		0.7623		-3.3957		-2.6335		0.2760
1.872		0.7645		-3.3980		-2.6335		0.2768
1.874		0.7666		-3.4001		-2.6335		0.2775
1.876		0.7687		-3.4022		-2.6335		0.2782
1.878		0.7706		-3.4042		-2.6336		0.2789
1.880		0.7724		-3.4060		-2.6336		0.2795
1.882		0.7741		-3.4077		-2.6336		0.2801
1.884		0.7756		-3.4093		-2.6337		0.2806
1.886		0.7770		-3.4107		-2.6337		0.2811
1.888		0.7782		-3.4120		-2.6337		0.2815
1.890		0.7793		-3.4131		-2.6338		0.2818
1.892		0.7802		-3.4140		-2.6338		0.2821
1.894		0.7810		-3.4148		-2.6338		0.2824
1.896		0.7816		-3.4154		-2.6338		0.2826
1.898		0.7821		-3.4159		-2.6339		0.2827
1.900		0.7824		-3.4163		-2.6339		0.2828
1.902		0.7826		-3.4165		-2.6339		0.2829
1.904		0.7827		-3.4166		-2.6339		0.2829
1.906		0.7826		-3.4166		-2.6339		0.2829
1.908		0.7825		-3.4165		-2.6339		0.2828
1.910		0.7823		-3.4162		-2.6340		0.2827
1.912		0.7820		-3.4159		-2.6340		0.2826
1.914		0.7816		-3.4156		-2.6340		0.2825
1.916		0.7811		-3.4151		-2.6340		0.2823
1.918		0.7806		-3.4146		-2.6340		0.2821
1.920		0.7801		-3.4140		-2.6340		0.2819
1.922		0.7794		-3.4134		-2.6340		0.2817
1.924		0.7787		-3.4127		-2.6340		0.2814
1.926		0.7780		-3.4120		-2.6340		0.2811
1.928		0.7772		-3.4112		-2.6340		0.2808
1.930		0.7763		-3.4103		-2.6340		0.2805
1.932		0.7754		-3.4094		-2.6340		0.2802
1.934		0.7744		-3.4084		-2.6340		0.2798
1.936		0.7734		-3.4074		-2.6340		0.2795
1.938		0.7724		-3.4064		-2.6340		0.2791
1.940		0.7713		-3.4053		-2.6340		0.2787
1.942		0.7701		-3.4041		-2.6340		0.2783
1.944		0.7689		-3.4029		-2.6340		0.2778
1.946		0.7676		-3.4016		-2.6340		0.2774
1.948		0.7662		-3.4002		-2.6340		0.2769
1.950		0.7648		-3.3988		-2.6340		0.2764
1.952		0.7633		-3.3973		-2.6340		0.2758
1.954		0.7616		-3.3956		-2.6340		0.2752
1.956		0.7599		-3.3939		-2.6340		0.2746
1.958		0.7581		-3.3921		-2.6340		0.2740
1.960		0.7562		-3.3902		-2.6340		0.2733
1.962		0.7541		-3.3881		-2.6340		0.2725
1.964		0.7519		-3.3860		-2.6340		0.2718
1.966		0.7497		-3.3837		-2.6341		0.2709
1.968		0.7473		-3.3814		-2.6341		0.2701
1.970		0.7448		-3.3789		-2.6341		0.2692
1.972		0.7423		-3.3764		-2.6341		0.2683
1.974		0.7398		-3.3739		-2.6341		0.2674
1.976		0.7372		-3.3713		-2.6341		0.2665
1.978		0.7347		-3.3688		-2.6341		0.2656
1.980		0.7322		-3.3663		-2.6341		0.2647
1.982		0.7298		-3.3639		-2.6341		0.2639
1.984		0.7276		-3.3616		-2.6341		0.2631
1.986		0.7254		-3.3595		-2.6340		0.2623
1.988		0.7235		-3.3575		-2.6340		0.2616
1.990		0.7218		-3.3558		-2.6340		0.2610
1.992		0.7203		-3.3543		-2.6340		0.2604
1.994		0.7191		-3.3531		-2.6340		0.2600
1.996		0.7182		-3.3522		-2.6339		0.2596
1.998		0.7176		-3.3515		-2.6339		0.2594
2.000		0.7173		-3.3512		-2.6339		0.2593
2.002		0.7173		-3.3512		-2.6339		0.2592
2.004		0.7177		-3.3515		-2.6338		0.2593
2.006		0.7183		-3.3522		-2.6338		0.2595
2.008		0.7193		-3.3531		-2.6338		0.2598
2.010		0.7206		-3.3543		-2.6338		0.2602
2.012		0.7221		-3.3559		-2.6338		0.2607
2.014		0.7239		-3.3577		-2.6338		0.2613
2.016		0.7260		-3.3597		-2.6338		0.2620
2.018		0.7282		-3.3620		-2.6338		0.2627
2.020		0.7307		-3.3645		-2.6338		0.2635
2.022		0.7334		-3.3671		-2.6337		0.2644
2.024		0.7361		-3.3699		-2.6338		0.2653
2.026		0.7390		-3.3728		-2.6338		0.2663
2.028		0.7421		-3.3758		-2.6338		0.2673
2.030		0.7451		-3.3789		-2.6338		0.2683
2.032		0.7482		-3.3820		-2.6338		0.2693
2.034		0.7514		-3.3851		-2.6338		0.2703
2.036		0.7545		-3.3883		-2.6338		0.2714
2.038		0.7576		-3.3914		-2.6338		0.2724
2.040		0.7607		-3.3945		-2.6338		0.2734
2.042		0.7636		-3.3975		-2.6338		0.2744
2.044		0.7666		-3.4004		-2.6339		0.2754
2.046		0.7694		-3.4033		-2.6339		0.2763
2.048		0.7721		-3.4060		-2.6339		0.2772
2.050		0.7748		-3.4087		-2.6339		0.2781
2.052		0.7773		-3.4112		-2.6339		0.2789
2.054		0.7798		-3.4137		-2.6339		0.2797
2.056		0.7822		-3.4161		-2.6339		0.2805
2.058		0.7845		-3.4184		-2.6339		0.2813
2.060		0.7867		-3.4206		-2.6339		0.2820
2.062		0.7889		-3.4228		-2.6339		0.2827
2.064		0.7911		-3.4250		-2.6339		0.2834
2.066		0.7932		-3.4271		-2.6339		0.2841
2.068		0.7954		-3.4292		-2.6339		0.2848
2.070		0.7975		-3.4314		-2.6339		0.2855
2.072		0.7997		-3.4335		-2.6338		0.2862
2.074		0.8018		-3.4357		-2.6338		0.2870
2.076		0.8040		-3.4378		-2.6338		0.2877
2.078		0.8062		-3.4400		-2.6338		0.2884
2.080		0.8084		-3.4422		-2.6338		0.2891
2.082		0.8106		-3.4443		-2.6337		0.2899
2.084		0.8128		-3.4465		-2.6337		0.2906
2.086		0.8149		-3.4486		-2.6337		0.2913
2.088		0.8170		-3.4507		-2.6337		0.2920
2.090		0.8189		-3.4526		-2.6337		0.2927
2.092		0.8208		-3.4545		-2.6337		0.2933
2.094		0.8226		-3.4562		-2.6337		0.2939
2.096		0.8242		-3.4579		-2.6337		0.2944
2.098		0.8256		-3.4593		-2.6337		0.2949
2.100		0.8269		-3.4605		-2.6337		0.2953
2.102		0.8279		-3.4616		-2.6337		0.2956
2.104		0.8287		-3.4624		-2.6337		0.2959
2.106		0.8293		-3.4629		-2.6337		0.2960
2.108		0.8296		-3.4632		-2.6337		0.2961
2.110		0.8296		-3.4633		-2.6337		0.2961
2.112		0.8293		-3.4630		-2.6337		0.2960
2.114		0.8288		-3.4625		-2.6337		0.2958
2.116		0.8280		-3.4617		-2.6337		0.2955
2.118		0.8270		-3.4607		-2.6337		0.2952
2.120		0.8257		-3.4594		-2.6337		0.2947
2.122		0.8241		-3.4578		-2.6337		0.2941
2.124		0.8223		-3.4560		-2.6337		0.2935
2.126		0.8203		-3.4540		-2.6337		0.2928
2.128		0.8181		-3.4518		-2.6337		0.2920
2.130		0.8157		-3.4495		-2.6337		0.2912
2.132		0.8132		-3.4469		-2.6337		0.2903
2.134		0.8106		-3.4443		-2.6337		0.2894
2.136		0.8079		-3.4416		-2.6337		0.2885
2.138		0.8051		-3.4388		-2.6337		0.2875
2.140		0.8023		-3.4360		-2.6337		0.2865
2.142		0.7995		-3.4332		-2.6337		0.2856
2.144		0.7968		-3.4305		-2.6336		0.2846
2.146		0.7942		-3.4278		-2.6336		0.2837
2.148		0.7918		-3.4253		-2.6335		0.2829
2.150		0.7895		-3.4230		-2.6335		0.2821
2.152		0.7875		-3.4209		-2.6334		0.2814
2.154		0.7856		-3.4190		-2.6334		0.2807
2.156		0.7841		-3.4174		-2.6333		0.2802
2.158		0.7829		-3.4161		-2.6333		0.2798
2.160		0.7820		-3.4152		-2.6332		0.2794
2.162		0.7814		-3.4145		-2.6331		0.2792
2.164		0.7811		-3.4142		-2.6331		0.2791
2.166		0.7812		-3.4142		-2.6330		0.2792
2.168		0.7816		-3.4145		-2.6329		0.2793
2.170		0.7822		-3.4151		-2.6329		0.2795
2.172		0.7832		-3.4160		-2.6328		0.2798
2.174		0.7844		-3.4171		-2.6327		0.2802
2.176		0.7858		-3.4185		-2.6327		0.2807
2.178		0.7874		-3.4200		-2.6326		0.2813
2.180		0.7892		-3.4217		-2.6326		0.2819
2.182		0.7911		-3.4236		-2.6325		0.2825
2.184		0.7931		-3.4256		-2.6325		0.2832
2.186		0.7952		-3.4276		-2.6324		0.2839
2.188		0.7973		-3.4297		-2.6324		0.2847
2.190		0.7995		-3.4318		-2.6323		0.2854
2.192		0.8017		-3.4340		-2.6323		0.2862
2.194		0.8038		-3.4361		-2.6322		0.2869
2.196		0.8060		-3.4382		-2.6322		0.2877
2.198		0.8080		-3.4402		-2.6322		0.2884
2.200		0.8100		-3.4421		-2.6321		0.2890
2.202		0.8118		-3.4439		-2.6321		0.2897
2.204		0.8135		-3.4456		-2.6320		0.2903
2.206		0.8151		-3.4471		-2.6320		0.2908
2.208		0.8166		-3.4485		-2.6320		0.2913
2.210		0.8178		-3.4497		-2.6319		0.2918
2.212		0.8189		-3.4508		-2.6319		0.2921
2.214		0.8198		-3.4516		-2.6318		0.2924
2.216		0.8204		-3.4522		-2.6318		0.2927
2.218		0.8209		-3.4526		-2.6317		0.2928
2.220		0.8211		-3.4528		-2.6317		0.2929
2.222		0.8211		-3.4528		-2.6317		0.2929
2.224		0.8209		-3.4525		-2.6316		0.2929
2.226		0.8205		-3.4520		-2.6316		0.2927
2.228		0.8198		-3.4513		-2.6315		0.2925
2.230		0.8189		-3.4503		-2.6315		0.2922
2.232		0.8177		-3.4491		-2.6314		0.2918
2.234		0.8164		-3.4477		-2.6314		0.2914
2.236		0.8148		-3.4461		-2.6313		0.2908
2.238		0.8130		-3.4443		-2.6312		0.2902
2.240		0.8110		-3.4422		-2.6312		0.2896
2.242		0.8089		-3.4400		-2.6311		0.2888
2.244		0.8065		-3.4376		-2.6311		0.2880
2.246		0.8040		-3.4350		-2.6310		0.2872
2.248		0.8014		-3.4323		-2.6309		0.2863
2.250		0.7986		-3.4295		-2.6308		0.2854
2.252		0.7958		-3.4265		-2.6308		0.2844
2.254		0.7928		-3.4235		-2.6307		0.2834
2.256		0.7898		-3.4204		-2.6306		0.2824
2.258		0.7867		-3.4172		-2.6305		0.2813
2.260		0.7836		-3.4140		-2.6304		0.2803
2.262		0.7805		-3.4108		-2.6303		0.2792
2.264		0.7775		-3.4077		-2.6302		0.2782
2.266		0.7745		-3.4047		-2.6301		0.2772
2.268		0.7717		-3.4017		-2.6300		0.2762
2.270		0.7690		-3.3989		-2.6299		0.2753
2.272		0.7664		-3.3962		-2.6298		0.2745
2.274		0.7641		-3.3938		-2.6297		0.2737
2.276		0.7620		-3.3916		-2.6296		0.2730
2.278		0.7601		-3.3896		-2.6295		0.2723
2.280		0.7585		-3.3879		-2.6294		0.2718
2.282		0.7573		-3.3865		-2.6292		0.2714
2.284		0.7563		-3.3854		-2.6291		0.2711
2.286		0.7556		-3.3846		-2.6290		0.2709
2.288		0.7553		-3.3842		-2.6289		0.2707
2.290		0.7553		-3.3840		-2.6288		0.2708
2.292		0.7555		-3.3842		-2.6287		0.2709
2.294		0.7561		-3.3847		-2.6286		0.2711
2.296		0.7570		-3.3855		-2.6285		0.2714
2.298		0.7581		-3.3865		-2.6284		0.2718
2.300		0.7594		-3.3877		-2.6283		0.2722
2.302		0.7610		-3.3892		-2.6282		0.2728
2.304		0.7627		-3.3909		-2.6281		0.2734
2.306		0.7646		-3.3927		-2.6280		0.2740
2.308		0.7666		-3.3946		-2.6280		0.2747
2.310		0.7687		-3.3966		-2.6279		0.2754
2.312		0.7708		-3.3987		-2.6279		0.2762
2.314		0.7730		-3.4008		-2.6278		0.2769
2.316		0.7752		-3.4030		-2.6278		0.2777
2.318		0.7774		-3.4051		-2.6277		0.2784
2.320		0.7795		-3.4072		-2.6277		0.2792
2.322		0.7815		-3.4092		-2.6277		0.2799
2.324		0.7835		-3.4112		-2.6276		0.2805
2.326		0.7854		-3.4130		-2.6276		0.2812
2.328		0.7872		-3.4148		-2.6276		0.2818
2.330		0.7889		-3.4164		-2.6275		0.2824
2.332		0.7904		-3.4179		-2.6275		0.2829
2.334		0.7919		-3.4193		-2.6275		0.2834
2.336		0.7932		-3.4206		-2.6274		0.2838
2.338		0.7943		-3.4218		-2.6274		0.2842
2.340		0.7954		-3.4228		-2.6274		0.2846
2.342		0.7963		-3.4237		-2.6274		0.2849
2.344		0.7971		-3.4244		-2.6273		0.2852
2.346		0.7978		-3.4251		-2.6273		0.2854
2.348		0.7983		-3.4256		-2.6273		0.2856
2.350		0.7988		-3.4260		-2.6272		0.2857
2.352		0.7991		-3.4263		-2.6272		0.2858
2.354		0.7994		-3.4265		-2.6272		0.2859
2.356		0.7995		-3.4266		-2.6271		0.2859
2.358		0.7995		-3.4266		-2.6271		0.2859
2.360		0.7995		-3.4266		-2.6271		0.2859
2.362		0.7993		-3.4264		-2.6270		0.2859
2.364		0.7991		-3.4261		-2.6270		0.2858
2.366		0.7988		-3.4258		-2.6270		0.2857
2.368		0.7985		-3.4254		-2.6269		0.2855
2.370		0.7981		-3.4249		-2.6269		0.2854
2.372		0.7976		-3.4244		-2.6268		0.2852
2.374		0.7971		-3.4239		-2.6268		0.2851
2.376		0.7966		-3.4234		-2.6267		0.2849
2.378		0.7961		-3.4228		-2.6267		0.2847
2.380		0.7956		-3.4222		-2.6266		0.2845
2.382		0.7952		-3.4217		-2.6265		0.2844
2.384		0.7947		-3.4212		-2.6265		0.2842
2.386		0.7943		-3.4207		-2.6264		0.2841
2.388		0.7939		-3.4202		-2.6263		0.2839
2.390		0.7935		-3.4198		-2.6263		0.2838
2.392		0.7932		-3.4194		-2.6262		0.2837
2.394		0.7929		-3.4191		-2.6261		0.2836
2.396		0.7927		-3.4188		-2.6261		0.2835
2.398		0.7925		-3.4186		-2.6260		0.2835
2.400		0.7924		-3.4184		-2.6260		0.2834
2.402		0.7923		-3.4182		-2.6259		0.2834
2.404		0.7922		-3.4181		-2.6258		0.2834
2.406		0.7921		-3.4179		-2.6258		0.2833
2.408		0.7921		-3.4178		-2.6257		0.2833
2.410		0.7920		-3.4177		-2.6257		0.2833
2.412		0.7920		-3.4176		-2.6256		0.2833
2.414		0.7920		-3.4176		-2.6256		0.2833
2.416		0.7919		-3.4175		-2.6255		0.2833
2.418		0.7919		-3.4174		-2.6255		0.2833
2.420		0.7918		-3.4173		-2.6255		0.2833
2.422		0.7917		-3.4171		-2.6254		0.2832
2.424		0.7916		-3.4170		-2.6254		0.2832
2.426		0.7915		-3.4168		-2.6254		0.2832
2.428		0.7913		-3.4167		-2.6253		0.2831
2.430		0.7911		-3.4165		-2.6253		0.2831
2.432		0.7910		-3.4163		-2.6253		0.2830
2.434		0.7908		-3.4160		-2.6253		0.2830
2.436		0.7905		-3.4158		-2.6252		0.2829
2.438		0.7903		-3.4155		-2.6252		0.2828
2.440		0.7901		-3.4153		-2.6252		0.2828
2.442		0.7898		-3.4150		-2.6252		0.2827
2.444		0.7895		-3.4147		-2.6252		0.2826
2.446		0.7892		-3.4144		-2.6252		0.2825
2.448		0.7889		-3.4140		-2.6251		0.2824
2.450		0.7885		-3.4137		-2.6251		0.2823
2.452		0.7882		-3.4133		-2.6251		0.2822
2.454		0.7878		-3.4129		-2.6251		0.2820
2.456		0.7873		-3.4124		-2.6251		0.2819
2.458		0.7869		-3.4120		-2.6251		0.2818
2.460		0.7863		-3.4114		-2.6251		0.2816
2.462		0.7858		-3.4109		-2.6251		0.2814
2.464		0.7852		-3.4103		-2.6251		0.2812
2.466		0.7845		-3.4096		-2.6251		0.2810
2.468		0.7838		-3.4089		-2.6251		0.2807
2.470		0.7830		-3.4081		-2.6251		0.2805
2.472		0.7821		-3.4072		-2.6251		0.2802
2.474		0.7811		-3.4063		-2.6251		0.2799
2.476		0.7801		-3.4052		-2.6252		0.2795
2.478		0.7790		-3.4041		-2.6252		0.2791
2.480		0.7778		-3.4030		-2.6252		0.2787
2.482		0.7765		-3.4017		-2.6252		0.2783
2.484		0.7752		-3.4004		-2.6252		0.2779
2.486		0.7738		-3.3991		-2.6252		0.2774
2.488		0.7725		-3.3977		-2.6252		0.2769
2.490		0.7711		-3.3964		-2.6253		0.2765
2.492		0.7697		-3.3950		-2.6253		0.2760
2.494		0.7685		-3.3937		-2.6253		0.2756
2.496		0.7672		-3.3925		-2.6253		0.2752
2.498		0.7661		-3.3914		-2.6253		0.2748
2.500		0.7652		-3.3905		-2.6253		0.2745
2.502		0.7644		-3.3896		-2.6253		0.2742
2.504		0.7637		-3.3890		-2.6253		0.2740
2.506		0.7632		-3.3885		-2.6253		0.2738
2.508		0.7629		-3.3882		-2.6253		0.2737
2.510		0.7628		-3.3881		-2.6253		0.2737
2.512		0.7629		-3.3882		-2.6253		0.2737
2.514		0.7631		-3.3884		-2.6253		0.2738
2.516		0.7634		-3.3887		-2.6253		0.2739
2.518		0.7638		-3.3892		-2.6254		0.2740
2.520		0.7643		-3.3897		-2.6254		0.2742
2.522		0.7649		-3.3904		-2.6254		0.2744
2.524		0.7656		-3.3911		-2.6254		0.2747
2.526		0.7664		-3.3918		-2.6255		0.2749
2.528		0.7671		-3.3926		-2.6255		0.2752
2.530		0.7680		-3.3935		-2.6255		0.2755
2.532		0.7689		-3.3944		-2.6255		0.2758
2.534		0.7698		-3.3954		-2.6256		0.2761
2.536		0.7708		-3.3964		-2.6256		0.2765
2.538		0.7719		-3.3975		-2.6256		0.2768
2.540		0.7730		-3.3986		-2.6256		0.2772
2.542		0.7742		-3.3998		-2.6257		0.2776
2.544		0.7754		-3.4011		-2.6257		0.2780
2.546		0.7766		-3.4023		-2.6257		0.2785
2.548		0.7779		-3.4036		-2.6257		0.2789
2.550		0.7792		-3.4049		-2.6258		0.2794
2.552		0.7804		-3.4062		-2.6258		0.2798
2.554		0.7816		-3.4074		-2.6258		0.2802
2.556		0.7827		-3.4085		-2.6259		0.2806
2.558		0.7836		-3.4095		-2.6259		0.2809
2.560		0.7844		-3.4104		-2.6260		0.2812
2.562		0.7851		-3.4111		-2.6260		0.2814
2.564		0.7855		-3.4116		-2.6261		0.2816
2.566		0.7857		-3.4119		-2.6261		0.2817
2.568		0.7857		-3.4119		-2.6262		0.2817
2.570		0.7855		-3.4118		-2.6262		0.2816
2.572		0.7851		-3.4114		-2.6263		0.2815
2.574		0.7846		-3.4109		-2.6263		0.2813
2.576		0.7838		-3.4102		-2.6264		0.2810
2.578		0.7830		-3.4094		-2.6264		0.2808
2.580		0.7821		-3.4086		-2.6264		0.2805
2.582		0.7812		-3.4077		-2.6264		0.2802
2.584		0.7803		-3.4068		-2.6265		0.2799
2.586		0.7795		-3.4060		-2.6265		0.2796
2.588		0.7788		-3.4053		-2.6265		0.2794
2.590		0.7783		-3.4047		-2.6264		0.2792
2.592		0.7779		-3.4043		-2.6264		0.2791
2.594		0.7777		-3.4041		-2.6264		0.2790
2.596		0.7777		-3.4041		-2.6264		0.2790
2.598		0.7778		-3.4042		-2.6264		0.2791
2.600		0.7781		-3.4045		-2.6264		0.2792
2.602		0.7784		-3.4048		-2.6264		0.2794
2.604		0.7788		-3.4052		-2.6264		0.2795
2.606		0.7792		-3.4057		-2.6265		0.2797
2.608		0.7795		-3.4060		-2.6265		0.2798
2.610		0.7797		-3.4063		-2.6265		0.2799
2.612		0.7798		-3.4064		-2.6266		0.2800
2.614		0.7797		-3.4063		-2.6266		0.2799
2.616		0.7793		-3.4060		-2.6267		0.2798
2.618		0.7786		-3.4053		-2.6268		0.2796
2.620		0.7776		-3.4044		-2.6268		0.2793
2.622		0.7763		-3.4032		-2.6269		0.2789
2.624		0.7747		-3.4016		-2.6270		0.2783
2.626		0.7727		-3.3998		-2.6270		0.2777
2.628		0.7705		-3.3976		-2.6271		0.2769
2.630		0.7680		-3.3951		-2.6272		0.2761
2.632		0.7652		-3.3924		-2.6272		0.2752
2.634		0.7623		-3.3896		-2.6273		0.2742
2.636		0.7592		-3.3865		-2.6273		0.2731
2.638		0.7560		-3.3833		-2.6274		0.2720
2.640		0.7527		-3.3801		-2.6274		0.2709
2.642		0.7495		-3.3769		-2.6274		0.2698
2.644		0.7464		-3.3738		-2.6275		0.2688
2.646		0.7434		-3.3709		-2.6275		0.2678
2.648		0.7406		-3.3681		-2.6275		0.2668
2.650		0.7380		-3.3655		-2.6275		0.2659
2.652		0.7358		-3.3633		-2.6275		0.2652
2.654		0.7338		-3.3613		-2.6275		0.2645
2.656		0.7322		-3.3597		-2.6275		0.2640
2.658		0.7309		-3.3584		-2.6275		0.2635
2.660		0.7299		-3.3575		-2.6275		0.2632
2.662		0.7293		-3.3569		-2.6275		0.2630
2.664		0.7291		-3.3567		-2.6276		0.2629
2.666		0.7292		-3.3568		-2.6276		0.2630
2.668		0.7296		-3.3572		-2.6276		0.2631
2.670		0.7303		-3.3580		-2.6276		0.2634
2.672		0.7314		-3.3590		-2.6276		0.2638
2.674		0.7328		-3.3604		-2.6276		0.2642
2.676		0.7344		-3.3621		-2.6277		0.2648
2.678		0.7364		-3.3640		-2.6277		0.2655
2.680		0.7386		-3.3663		-2.6277		0.2662
2.682		0.7411		-3.3688		-2.6277		0.2671
2.684		0.7438		-3.3715		-2.6277		0.2680
2.686		0.7468		-3.3745		-2.6278		0.2691
2.688		0.7499		-3.3777		-2.6278		0.2701
2.690		0.7532		-3.3810		-2.6278		0.2713
2.692		0.7566		-3.3844		-2.6278		0.2724
2.694		0.7600		-3.3879		-2.6279		0.2736
2.696		0.7635		-3.3914		-2.6279		0.2748
2.698		0.7669		-3.3949		-2.6280		0.2760
2.700		0.7703		-3.3983		-2.6280		0.2772
2.702		0.7735		-3.4016		-2.6281		0.2783
2.704		0.7766		-3.4047		-2.6281		0.2793
2.706		0.7794		-3.4076		-2.6282		0.2803
2.708		0.7820		-3.4102		-2.6282		0.2812
2.710		0.7843		-3.4126		-2.6283		0.2820
2.712		0.7863		-3.4147		-2.6284		0.2827
2.714		0.7880		-3.4165		-2.6284		0.2832
2.716		0.7894		-3.4179		-2.6285		0.2837
2.718		0.7904		-3.4190		-2.6286		0.2840
2.720		0.7911		-3.4197		-2.6286		0.2842
2.722		0.7914		-3.4201		-2.6287		0.2844
2.724		0.7914		-3.4201		-2.6288		0.2843
2.726		0.7911		-3.4199		-2.6288		0.2842
2.728		0.7905		-3.4194		-2.6289		0.2840
2.730		0.7897		-3.4186		-2.6289		0.2837
2.732		0.7887		-3.4177		-2.6290		0.2834
2.734		0.7875		-3.4165		-2.6290		0.2830
2.736		0.7862		-3.4153		-2.6291		0.2825
2.738		0.7849		-3.4140		-2.6291		0.2821
2.740		0.7835		-3.4127		-2.6291		0.2816
2.742		0.7822		-3.4114		-2.6292		0.2811
2.744		0.7810		-3.4102		-2.6292		0.2807
2.746		0.7799		-3.4091		-2.6292		0.2803
2.748		0.7789		-3.4081		-2.6292		0.2800
2.750		0.7782		-3.4074		-2.6292		0.2797
2.752		0.7776		-3.4069		-2.6292		0.2796
2.754		0.7774		-3.4066		-2.6293		0.2795
2.756		0.7773		-3.4066		-2.6293		0.2794
2.758		0.7775		-3.4068		-2.6293		0.2795
2.760		0.7780		-3.4073		-2.6293		0.2797
2.762		0.7787		-3.4080		-2.6293		0.2799
2.764		0.7796		-3.4089		-2.6293		0.2802
2.766		0.7807		-3.4100		-2.6293		0.2806
2.768		0.7819		-3.4113		-2.6294		0.2810
2.770		0.7834		-3.4127		-2.6294		0.2815
2.772		0.7849		-3.4143		-2.6294		0.2820
2.774		0.7865		-3.4160		-2.6294		0.2826
2.776		0.7882		-3.4177		-2.6295		0.2832
2.778		0.7899		-3.4194		-2.6295		0.2838
2.780		0.7916		-3.4211		-2.6295		0.2843
2.782		0.7933		-3.4229		-2.6296		0.2849
2.784		0.7949		-3.4245		-2.6296		0.2855
2.786		0.7965		-3.4262		-2.6297		0.2860
2.788		0.7981		-3.4278		-2.6297		0.2866
2.790		0.7995		-3.4293		-2.6297		0.2871
2.792		0.8009		-3.4307		-2.6298		0.2875
2.794		0.8023		-3.4321		-2.6298		0.2880
2.796		0.8036		-3.4334		-2.6298		0.2884
2.798		0.8049		-3.4347		-2.6298		0.2889
2.800		0.8061		-3.4360		-2.6299		0.2893
2.802		0.8073		-3.4372		-2.6299		0.2897
2.804		0.8086		-3.4385		-2.6299		0.2901
2.806		0.8098		-3.4397		-2.6299		0.2906
2.808		0.8111		-3.4410		-2.6299		0.2910
2.810		0.8123		-3.4422		-2.6299		0.2914
2.812		0.8136		-3.4435		-2.6299		0.2919
2.814		0.8149		-3.4448		-2.6299		0.2923
2.816		0.8162		-3.4461		-2.6299		0.2927
2.818		0.8175		-3.4474		-2.6299		0.2932
2.820		0.8187		-3.4487		-2.6299		0.2936
2.822		0.8199		-3.4499		-2.6299		0.2940
2.824		0.8211		-3.4510		-2.6299		0.2944
2.826		0.8221		-3.4521		-2.6300		0.2948
2.828		0.8231		-3.4530		-2.6300		0.2951
2.830		0.8239		-3.4539		-2.6300		0.2954
2.832		0.8246		-3.4546		-2.6300		0.2956
2.834		0.8251		-3.4551		-2.6300		0.2958
2.836		0.8255		-3.4555		-2.6300		0.2959
2.838		0.8257		-3.4557		-2.6300		0.2960
2.840		0.8257		-3.4558		-2.6300		0.2960
2.842		0.8257		-3.4557		-2.6300		0.2960
2.844		0.8254		-3.4554		-2.6300		0.2959
2.846		0.8250		-3.4551		-2.6300		0.2958
2.848		0.8245		-3.4546		-2.6300		0.2956
2.850		0.8239		-3.4539		-2.6300		0.2954
2.852		0.8233		-3.4533		-2.6300		0.2952
2.854		0.8226		-3.4525		-2.6300		0.2949
2.856		0.8218		-3.4517		-2.6299		0.2946
2.858		0.8210		-3.4509		-2.6299		0.2944
2.860		0.8203		-3.4501		-2.6299		0.2941
2.862		0.8195		-3.4493		-2.6298		0.2939
2.864		0.8189		-3.4486		-2.6298		0.2937
2.866		0.8183		-3.4480		-2.6297		0.2935
2.868		0.8177		-3.4474		-2.6297		0.2933
2.870		0.8173		-3.4469		-2.6296		0.2932
2.872		0.8170		-3.4466		-2.6296		0.2931
2.874		0.8169		-3.4464		-2.6295		0.2930
2.876		0.8168		-3.4462		-2.6294		0.2930
2.878		0.8169		-3.4463		-2.6294		0.2930
2.880		0.8171		-3.4464		-2.6293		0.2931
2.882		0.8174		-3.4467		-2.6293		0.2932
2.884		0.8178		-3.4471		-2.6292		0.2934
2.886		0.8184		-3.4476		-2.6292		0.2936
2.888		0.8191		-3.4482		-2.6291		0.2939
2.890		0.8199		-3.4489		-2.6291		0.2942
2.892		0.8207		-3.4498		-2.6290		0.2945
2.894		0.8217		-3.4507		-2.6290		0.2948
2.896		0.8227		-3.4517		-2.6289		0.2952
2.898		0.8239		-3.4527		-2.6289		0.2956
2.900		0.8250		-3.4539		-2.6288		0.2960
2.902		0.8263		-3.4551		-2.6288		0.2965
2.904		0.8276		-3.4563		-2.6288		0.2970
2.906		0.8289		-3.4577		-2.6287		0.2974
2.908		0.8303		-3.4590		-2.6287		0.2980
2.910		0.8318		-3.4604		-2.6286		0.2985
2.912		0.8332		-3.4618		-2.6286		0.2990
2.914		0.8347		-3.4633		-2.6286		0.2995
2.916		0.8362		-3.4647		-2.6285		0.3001
2.918		0.8376		-3.4661		-2.6285		0.3006
2.920		0.8390		-3.4675		-2.6285		0.3011
2.922		0.8403		-3.4687		-2.6285		0.3016
2.924		0.8415		-3.4699		-2.6284		0.3020
2.926		0.8425		-3.4709		-2.6284		0.3024
2.928		0.8434		-3.4718		-2.6284		0.3027
2.930		0.8440		-3.4724		-2.6284		0.3030
2.932		0.8444		-3.4728		-2.6284		0.3032
2.934		0.8444		-3.4728		-2.6284		0.3032
2.936		0.8442		-3.4726		-2.6284		0.3032
2.938		0.8435		-3.4720		-2.6284		0.3030
2.940		0.8425		-3.4709		-2.6285		0.3027
2.942		0.8410		-3.4695		-2.6285		0.3022
2.944		0.8391		-3.4676		-2.6285		0.3016
2.946		0.8367		-3.4652		-2.6285		0.3008
2.948		0.8338		-3.4624		-2.6286		0.2998
2.950		0.8305		-3.4591		-2.6286		0.2987
2.952		0.8267		-3.4553		-2.6286		0.2975
2.954		0.8225		-3.4512		-2.6286		0.2960
2.956		0.8179		-3.4466		-2.6287		0.2945
2.958		0.8130		-3.4416		-2.6287		0.2928
2.960		0.8077		-3.4364		-2.6287		0.2910
2.962		0.8021		-3.4308		-2.6287		0.2892
2.964		0.7964		-3.4251		-2.6287		0.2872
2.966		0.7905		-3.4192		-2.6287		0.2852
2.968		0.7846		-3.4133		-2.6287		0.2832
2.970		0.7787		-3.4074		-2.6286		0.2812
2.972		0.7730		-3.4016		-2.6286		0.2793
2.974		0.7674		-3.3959		-2.6285		0.2774
2.976		0.7621		-3.3906		-2.6285		0.2756
2.978		0.7571		-3.3856		-2.6284		0.2739
2.980		0.7526		-3.3810		-2.6284		0.2724
2.982		0.7486		-3.3769		-2.6283		0.2710
2.984		0.7452		-3.3734		-2.6282		0.2699
2.986		0.7423		-3.3704		-2.6281		0.2689
2.988		0.7401		-3.3682		-2.6280		0.2682
2.990		0.7386		-3.3665		-2.6279		0.2677
2.992		0.7378		-3.3656		-2.6278		0.2674
2.994		0.7377		-3.3654		-2.6277		0.2674
2.996		0.7382		-3.3659		-2.6276		0.2676
2.998		0.7395		-3.3670		-2.6276		0.2680
3.000		0.7413		-3.3688		-2.6275		0.2687
3.002		0.7438		-3.3712		-2.6274		0.2695
3.004		0.7468		-3.3742		-2.6273		0.2706
3.006		0.7503		-3.3776		-2.6273		0.2718
3.008		0.7543		-3.3815		-2.6272		0.2732
3.010		0.7586		-3.3858		-2.6272		0.2746
3.012		0.7633		-3.3904		-2.6272		0.2762
3.014		0.7682		-3.3953		-2.6271		0.2779
3.016		0.7733		-3.4004		-2.6271		0.2797
3.018		0.7785		-3.4056		-2.6271		0.2815
3.020		0.7838		-3.4109		-2.6271		0.2833
3.022		0.7892		-3.4162		-2.6271		0.2851
3.024		0.7945		-3.4216		-2.6271		0.2870
3.026		0.7998		-3.4269		-2.6271		0.2888
3.028		0.8051		-3.4322		-2.6271		0.2906
3.030		0.8103		-3.4374		-2.6271		0.2924
3.032		0.8153		-3.4424		-2.6271		0.2941
3.034		0.8203		-3.4474		-2.6271		0.2958
3.036		0.8251		-3.4522		-2.6271		0.2975
3.038		0.8298		-3.4569		-2.6271		0.2991
3.040		0.8344		-3.4615		-2.6271		0.3006
3.042		0.8388		-3.4659		-2.6271		0.3021
3.044		0.8431		-3.4702		-2.6271		0.3036
3.046		0.8472		-3.4743		-2.6271		0.3050
3.048		0.8512		-3.4783		-2.6271		0.3063
3.050		0.8551		-3.4822		-2.6271		0.3077
3.052		0.8588		-3.4859		-2.6271		0.3089
3.054		0.8623		-3.4894		-2.6271		0.3101
3.056		0.8657		-3.4928		-2.6271		0.3113
3.058		0.8690		-3.4961		-2.6271		0.3124
3.060		0.8721		-3.4992		-2.6271		0.3135
3.062		0.8750		-3.5021		-2.6271		0.3145
3.064		0.8777		-3.5048		-2.6271		0.3154
3.066		0.8802		-3.5073		-2.6271		0.3163
3.068		0.8826		-3.5096		-2.6270		0.3170
3.070		0.8847		-3.5117		-2.6270		0.3178
3.072		0.8866		-3.5136		-2.6270		0.3184
3.074		0.8883		-3.5153		-2.6270		0.3190
3.076		0.8897		-3.5167		-2.6270		0.3195
3.078		0.8909		-3.5179		-2.6270		0.3199
3.080		0.8919		-3.5188		-2.6270		0.3202
3.082		0.8926		-3.5196		-2.6270		0.3205
3.084		0.8931		-3.5200		-2.6270		0.3206
3.086		0.8933		-3.5203		-2.6269		0.3207
3.088		0.8934		-3.5203		-2.6269		0.3207
3.090		0.8932		-3.5201		-2.6269		0.3207
3.092		0.8929		-3.5197		-2.6269		0.3206
3.094		0.8923		-3.5192		-2.6269		0.3204
3.096		0.8917		-3.5185		-2.6268		0.3202
3.098		0.8909		-3.5177		-2.6268		0.3199
3.100		0.8899		-3.5167		-2.6268		0.3196
3.102		0.8889		-3.5157		-2.6267		0.3193
3.104		0.8879		-3.5145		-2.6267		0.3189
3.106		0.8867		-3.5134		-2.6266		0.3185
3.108		0.8856		-3.5122		-2.6266		0.3181
3.110		0.8844		-3.5109		-2.6266		0.3177
3.112		0.8832		-3.5097		-2.6265		0.3173
3.114		0.8820		-3.5084		-2.6265		0.3169
3.116		0.8808		-3.5072		-2.6264		0.3165
3.118		0.8796		-3.5060		-2.6264		0.3161
3.120		0.8783		-3.5047		-2.6264		0.3157
3.122		0.8771		-3.5034		-2.6263		0.3153
3.124		0.8759		-3.5022		-2.6263		0.3149
3.126		0.8746		-3.5009		-2.6263		0.3145
3.128		0.8732		-3.4995		-2.6263		0.3140
3.130		0.8719		-3.4981		-2.6262		0.3135
3.132		0.8704		-3.4966		-2.6262		0.3131
3.134		0.8689		-3.4951		-2.6262		0.3125
3.136		0.8672		-3.4934		-2.6262		0.3120
3.138		0.8655		-3.4917		-2.6262		0.3114
3.140		0.8637		-3.4899		-2.6262		0.3108
3.142		0.8617		-3.4879		-2.6262		0.3101
3.144		0.8596		-3.4858		-2.6262		0.3094
3.146		0.8574		-3.4837		-2.6262		0.3087
3.148		0.8552		-3.4814		-2.6262		0.3079
3.150		0.8528		-3.4790		-2.6262		0.3071
3.152		0.8503		-3.4765		-2.6263		0.3062
3.154		0.8477		-3.4740		-2.6263		0.3053
3.156		0.8451		-3.4714		-2.6263		0.3044
3.158		0.8425		-3.4687		-2.6263		0.3035
3.160		0.8398		-3.4661		-2.6263		0.3026
3.162		0.8371		-3.4634		-2.6263		0.3017
3.164		0.8345		-3.4608		-2.6263		0.3008
3.166		0.8320		-3.4583		-2.6263		0.2999
3.168		0.8296		-3.4559		-2.6263		0.2991
3.170		0.8273		-3.4536		-2.6263		0.2983
3.172		0.8251		-3.4514		-2.6263		0.2975
3.174		0.8232		-3.4495		-2.6263		0.2968
3.176		0.8215		-3.4478		-2.6263		0.2962
3.178		0.8201		-3.4463		-2.6263		0.2957
3.180		0.8189		-3.4452		-2.6262		0.2953
3.182		0.8181		-3.4444		-2.6262		0.2950
3.184		0.8177		-3.4439		-2.6262		0.2949
3.186		0.8176		-3.4438		-2.6262		0.2948
3.188		0.8180		-3.4441		-2.6261		0.2949
3.190		0.8187		-3.4448		-2.6261		0.2952
3.192		0.8199		-3.4460		-2.6261		0.2956
3.194		0.8215		-3.4476		-2.6260		0.2961
3.196		0.8236		-3.4496		-2.6260		0.2968
3.198		0.8260		-3.4520		-2.6260		0.2976
3.200		0.8289		-3.4548		-2.6260		0.2986
3.202		0.8321		-3.4580		-2.6259		0.2996
3.204		0.8356		-3.4616		-2.6259		0.3008
3.206		0.8395		-3.4654		-2.6259		0.3021
3.208		0.8436		-3.4695		-2.6259		0.3035
3.210		0.8479		-3.4738		-2.6259		0.3050
3.212		0.8523		-3.4782		-2.6259		0.3065
3.214		0.8568		-3.4827		-2.6259		0.3080
3.216		0.8613		-3.4873		-2.6260		0.3095
3.218		0.8658		-3.4918		-2.6260		0.3110
3.220		0.8701		-3.4962		-2.6261		0.3125
3.222		0.8743		-3.5004		-2.6261		0.3139
3.224		0.8783		-3.5044		-2.6262		0.3153
3.226		0.8820		-3.5082		-2.6262		0.3165
3.228		0.8853		-3.5116		-2.6263		0.3176
3.230		0.8883		-3.5147		-2.6264		0.3186
3.232		0.8908		-3.5173		-2.6265		0.3195
3.234		0.8929		-3.5195		-2.6266		0.3202
3.236		0.8945		-3.5211		-2.6266		0.3207
3.238		0.8955		-3.5223		-2.6267		0.3210
3.240		0.8961		-3.5229		-2.6268		0.3212
3.242		0.8960		-3.5230		-2.6269		0.3212
3.244		0.8955		-3.5225		-2.6270		0.3209
3.246		0.8944		-3.5215		-2.6271		0.3205
3.248		0.8927		-3.5199		-2.6272		0.3200
3.250		0.8906		-3.5179		-2.6273		0.3192
3.252		0.8880		-3.5153		-2.6273		0.3183
3.254		0.8849		-3.5124		-2.6274		0.3172
3.256		0.8815		-3.5090		-2.6275		0.3160
3.258		0.8777		-3.5053		-2.6275		0.3147
3.260		0.8736		-3.5012		-2.6276		0.3133
3.262		0.8693		-3.4969		-2.6276		0.3117
3.264		0.8647		-3.4924		-2.6277		0.3102
3.266		0.8600		-3.4877		-2.6277		0.3085
3.268		0.8551		-3.4829		-2.6278		0.3068
3.270		0.8502		-3.4779		-2.6278		0.3051
3.272		0.8451		-3.4730		-2.6278		0.3034
3.274		0.8401		-3.4679		-2.6278		0.3016
3.276		0.8351		-3.4629		-2.6279		0.2999
3.278		0.8300		-3.4579		-2.6279		0.2981
3.280		0.8250		-3.4529		-2.6279		0.2964
3.282		0.8200		-3.4480		-2.6280		0.2947
3.284		0.8151		-3.4431		-2.6280		0.2929
3.286		0.8102		-3.4382		-2.6280		0.2912
3.288		0.8053		-3.4334		-2.6281		0.2896
3.290		0.8006		-3.4287		-2.6281		0.2879
3.292		0.7958		-3.4240		-2.6281		0.2863
3.294		0.7912		-3.4194		-2.6282		0.2847
3.296		0.7866		-3.4149		-2.6282		0.2831
3.298		0.7822		-3.4105		-2.6283		0.2815
3.300		0.7778		-3.4061		-2.6283		0.2800
3.302		0.7736		-3.4019		-2.6284		0.2785
3.304		0.7695		-3.3979		-2.6284		0.2771
3.306		0.7655		-3.3940		-2.6284		0.2757
3.308		0.7617		-3.3902		-2.6285		0.2744
3.310		0.7581		-3.3866		-2.6285		0.2731
3.312		0.7547		-3.3833		-2.6286		0.2719
3.314		0.7515		-3.3801		-2.6286		0.2708
3.316		0.7484		-3.3771		-2.6286		0.2697
3.318		0.7456		-3.3743		-2.6287		0.2688
3.320		0.7430		-3.3717		-2.6287		0.2678
3.322		0.7406		-3.3693		-2.6288		0.2670
3.324		0.7384		-3.3672		-2.6288		0.2662
3.326		0.7364		-3.3653		-2.6288		0.2655
3.328		0.7346		-3.3635		-2.6289		0.2649
3.330		0.7331		-3.3620		-2.6289		0.2643
3.332		0.7316		-3.3606		-2.6289		0.2638
3.334		0.7304		-3.3594		-2.6290		0.2634
3.336		0.7293		-3.3583		-2.6290		0.2630
3.338		0.7283		-3.3574		-2.6291		0.2626
3.340		0.7275		-3.3566		-2.6291		0.2623
3.342		0.7267		-3.3559		-2.6291		0.2620
3.344		0.7261		-3.3552		-2.6292		0.2618
3.346		0.7255		-3.3547		-2.6292		0.2615
3.348		0.7249		-3.3542		-2.6293		0.2613
3.350		0.7245		-3.3538		-2.6293		0.2612
3.352		0.7241		-3.3534		-2.6293		0.2610
3.354		0.7237		-3.3531		-2.6294		0.2608
3.356		0.7234		-3.3528		-2.6294		0.2607
3.358		0.7231		-3.3525		-2.6294		0.2606
3.360		0.7229		-3.3523		-2.6295		0.2605
3.362		0.7227		-3.3522		-2.6295		0.2604
3.364		0.7225		-3.3520		-2.6295		0.2603
3.366		0.7224		-3.3519		-2.6296		0.2603
3.368		0.7223		-3.3519		-2.6296		0.2602
3.370		0.7222		-3.3518		-2.6296		0.2602
3.372		0.7222		-3.3518		-2.6296		0.2602
3.374		0.7221		-3.3518		-2.6297		0.2601
3.376		0.7221		-3.3518		-2.6297		0.2601
3.378		0.7220		-3.3518		-2.6297		0.2601
3.380		0.7220		-3.3517		-2.6298		0.2600
3.382		0.7219		-3.3517		-2.6298		0.2600
3.384		0.7218		-3.3516		-2.6298		0.2599
3.386		0.7216		-3.3515		-2.6299		0.2599
3.388		0.7214		-3.3513		-2.6299		0.2598
3.390		0.7211		-3.3511		-2.6299		0.2597
3.392		0.7208		-3.3508		-2.6300		0.2595
3.394		0.7205		-3.3505		-2.6300		0.2594
3.396		0.7200		-3.3501		-2.6300		0.2592
3.398		0.7196		-3.3496		-2.6301		0.2591
3.400		0.7190		-3.3491		-2.6301		0.2589
3.402		0.7184		-3.3486		-2.6302		0.2586
3.404		0.7178		-3.3480		-2.6302		0.2584
3.406		0.7171		-3.3473		-2.6302		0.2581
3.408		0.7163		-3.3466		-2.6303		0.2579
3.410		0.7155		-3.3458		-2.6303		0.2576
3.412		0.7146		-3.3450		-2.6303		0.2573
3.414		0.7137		-3.3441		-2.6304		0.2569
3.416		0.7129		-3.3433		-2.6304		0.2566
3.418		0.7120		-3.3424		-2.6305		0.2563
3.420		0.7111		-3.3416		-2.6305		0.2560
3.422		0.7103		-3.3408		-2.6305		0.2557
3.424		0.7095		-3.3401		-2.6305		0.2554
3.426		0.7089		-3.3394		-2.6306		0.2552
3.428		0.7084		-3.3390		-2.6306		0.2550
3.430		0.7080		-3.3386		-2.6306		0.2548
3.432		0.7078		-3.3384		-2.6306		0.2547
3.434		0.7078		-3.3385		-2.6306		0.2547
3.436		0.7081		-3.3387		-2.6307		0.2548
3.438		0.7086		-3.3392		-2.6307		0.2549
3.440		0.7093		-3.3400		-2.6307		0.2552
3.442		0.7102		-3.3409		-2.6307		0.2555
3.444		0.7114		-3.3421		-2.6307		0.2559
3.446		0.7128		-3.3435		-2.6308		0.2563
3.448		0.7143		-3.3451		-2.6308		0.2568
3.450		0.7160		-3.3468		-2.6308		0.2574
3.452		0.7178		-3.3487		-2.6309		0.2580
3.454		0.7197		-3.3506		-2.6309		0.2586
3.456		0.7215		-3.3525		-2.6310		0.2592
3.458		0.7234		-3.3544		-2.6311		0.2599
3.460		0.7252		-3.3563		-2.6311		0.2604
3.462		0.7268		-3.3580		-2.6312		0.2610
3.464		0.7283		-3.3596		-2.6313		0.2615
3.466		0.7296		-3.3610		-2.6314		0.2619
3.468		0.7307		-3.3622		-2.6315		0.2623
3.470		0.7315		-3.3631		-2.6316		0.2625
3.472		0.7322		-3.3638		-2.6317		0.2627
3.474		0.7326		-3.3643		-2.6318		0.2628
3.476		0.7327		-3.3646		-2.6319		0.2629
3.478		0.7327		-3.3647		-2.6320		0.2628
3.480		0.7325		-3.3646		-2.6321		0.2628
3.482		0.7322		-3.3644		-2.6321		0.2626
3.484		0.7318		-3.3640		-2.6322		0.2625
3.486		0.7314		-3.3637		-2.6323		0.2623
3.488		0.7310		-3.3633		-2.6323		0.2621
3.490		0.7306		-3.3630		-2.6324		0.2620
3.492		0.7304		-3.3628		-2.6324		0.2619
3.494		0.7303		-3.3628		-2.6325		0.2618
3.496		0.7305		-3.3630		-2.6325		0.2619
3.498		0.7309		-3.3634		-2.6325		0.2620
3.500		0.7317		-3.3642		-2.6325		0.2622
3.502		0.7327		-3.3652		-2.6325		0.2626
3.504		0.7341		-3.3666		-2.6325		0.2630
3.506		0.7358		-3.3683		-2.6325		0.2636
3.508		0.7378		-3.3704		-2.6325		0.2643
3.510		0.7401		-3.3727		-2.6325		0.2650
3.512		0.7427		-3.3753		-2.6325		0.2659
3.514		0.7456		-3.3781		-2.6325		0.2669
3.516		0.7486		-3.3811		-2.6326		0.2679
3.518		0.7517		-3.3843		-2.6326		0.2690
3.520		0.7549		-3.3875		-2.6326		0.2701
3.522		0.7582		-3.3908		-2.6326		0.2712
3.524		0.7614		-3.3941		-2.6326		0.2723
3.526		0.7646		-3.3972		-2.6327		0.2734
3.528		0.7676		-3.4003		-2.6327		0.2744
3.530		0.7705		-3.4032		-2.6327		0.2754
3.532		0.7732		-3.4060		-2.6328		0.2763
3.534		0.7757		-3.4085		-2.6328		0.2771
3.536		0.7779		-3.4107		-2.6328		0.2779
3.538		0.7798		-3.4127		-2.6329		0.2786
3.540		0.7814		-3.4144		-2.6329		0.2791
3.542		0.7828		-3.4157		-2.6329		0.2796
3.544		0.7838		-3.4168		-2.6330		0.2799
3.546		0.7845		-3.4175		-2.6330		0.2802
3.548		0.7849		-3.4180		-2.6330		0.2803
3.550		0.7850		-3.4181		-2.6331		0.2804
3.552		0.7849		-3.4180		-2.6331		0.2803
3.554		0.7844		-3.4175		-2.6331		0.2802
3.556		0.7837		-3.4168		-2.6331		0.2799
3.558		0.7827		-3.4159		-2.6332		0.2796
3.560		0.7815		-3.4147		-2.6332		0.2792
3.562		0.7801		-3.4133		-2.6332		0.2787
3.564		0.7785		-3.4117		-2.6332		0.2782
3.566		0.7766		-3.4099		-2.6332		0.2776
3.568		0.7747		-3.4079		-2.6332		0.2769
3.570		0.7725		-3.4057		-2.6332		0.2762
3.572		0.7702		-3.4035		-2.6332		0.2754
3.574		0.7678		-3.4010		-2.6333		0.2746
3.576		0.7653		-3.3985		-2.6333		0.2738
3.578		0.7626		-3.3959		-2.6333		0.2729
3.580		0.7599		-3.3931		-2.6333		0.2719
3.582		0.7570		-3.3903		-2.6333		0.2710
3.584		0.7541		-3.3874		-2.6333		0.2700
3.586		0.7512		-3.3845		-2.6333		0.2690
3.588		0.7482		-3.3815		-2.6333		0.2680
3.590		0.7452		-3.3785		-2.6333		0.2670
3.592		0.7422		-3.3755		-2.6333		0.2660
3.594		0.7392		-3.3725		-2.6333		0.2650
3.596		0.7363		-3.3696		-2.6333		0.2640
3.598		0.7334		-3.3667		-2.6333		0.2631
3.600		0.7306		-3.3639		-2.6333		0.2621
3.602		0.7279		-3.3612		-2.6333		0.2612
3.604		0.7253		-3.3585		-2.6333		0.2603
3.606		0.7228		-3.3561		-2.6333		0.2595
3.608		0.7205		-3.3538		-2.6333		0.2588
3.610		0.7184		-3.3516		-2.6332		0.2581
3.612		0.7165		-3.3497		-2.6332		0.2574
3.614		0.7148		-3.3480		-2.6332		0.2569
3.616		0.7134		-3.3465		-2.6332		0.2564
3.618		0.7122		-3.3453		-2.6332		0.2560
3.620		0.7113		-3.3444		-2.6331		0.2557
3.622		0.7107		-3.3438		-2.6331		0.2555
3.624		0.7104		-3.3434		-2.6331		0.2554
3.626		0.7103		-3.3434		-2.6330		0.2555
3.628		0.7106		-3.3437		-2.6330		0.2556
3.630		0.7112		-3.3442		-2.6330		0.2558
3.632		0.7121		-3.3450		-2.6330		0.2561
3.634		0.7132		-3.3462		-2.6329		0.2565
3.636		0.7146		-3.3475		-2.6329		0.2570
3.638		0.7162		-3.3491		-2.6329		0.2576
3.640		0.7180		-3.3509		-2.6329		0.2583
3.642		0.7200		-3.3529		-2.6329		0.2590
3.644		0.7222		-3.3550		-2.6329		0.2597
3.646		0.7245		-3.3573		-2.6328		0.2605
3.648		0.7268		-3.3597		-2.6328		0.2614
3.650		0.7292		-3.3621		-2.6328		0.2622
3.652		0.7317		-3.3645		-2.6328		0.2631
3.654		0.7342		-3.3670		-2.6328		0.2639
3.656		0.7366		-3.3694		-2.6328		0.2648
3.658		0.7390		-3.3718		-2.6328		0.2657
3.660		0.7414		-3.3742		-2.6328		0.2665
3.662		0.7436		-3.3764		-2.6328		0.2673
3.664		0.7458		-3.3786		-2.6328		0.2680
3.666		0.7478		-3.3806		-2.6328		0.2687
3.668		0.7497		-3.3825		-2.6328		0.2694
3.670		0.7514		-3.3842		-2.6328		0.2700
3.672		0.7530		-3.3858		-2.6328		0.2706
3.674		0.7544		-3.3872		-2.6328		0.2711
3.676		0.7557		-3.3884		-2.6328		0.2716
3.678		0.7567		-3.3895		-2.6328		0.2720
3.680		0.7576		-3.3904		-2.6327		0.2723
3.682		0.7583		-3.3910		-2.6327		0.2725
3.684		0.7588		-3.3915		-2.6327		0.2727
3.686		0.7591		-3.3918		-2.6327		0.2728
3.688		0.7591		-3.3918		-2.6327		0.2729
3.690		0.7590		-3.3917		-2.6327		0.2729
3.692		0.7586		-3.3913		-2.6327		0.2727
3.694		0.7580		-3.3907		-2.6327		0.2726
3.696		0.7572		-3.3899		-2.6327		0.2723
3.698		0.7561		-3.3888		-2.6327		0.2720
3.700		0.7549		-3.3876		-2.6327		0.2716
3.702		0.7535		-3.3862		-2.6327		0.2711
3.704		0.7519		-3.3846		-2.6327		0.2706
3.706		0.7502		-3.3829		-2.6327		0.2700
3.708		0.7484		-3.3811		-2.6326		0.2694
3.710		0.7466		-3.3792		-2.6326		0.2688
3.712		0.7447		-3.3773		-2.6326		0.2682
3.714		0.7428		-3.3754		-2.6326		0.2676
3.716		0.7411		-3.3736		-2.6325		0.2670
3.718		0.7394		-3.3719		-2.6325		0.2665
3.720		0.7380		-3.3704		-2.6325		0.2660
3.722		0.7367		-3.3692		-2.6324		0.2656
3.724		0.7357		-3.3681		-2.6324		0.2653
3.726		0.7350		-3.3673		-2.6323		0.2650
3.728		0.7345		-3.3668		-2.6323		0.2649
3.730		0.7343		-3.3665		-2.6323		0.2648
3.732		0.7342		-3.3665		-2.6323		0.2649
3.734		0.7344		-3.3666		-2.6322		0.2649
3.736		0.7347		-3.3669		-2.6322		0.2651
3.738		0.7350		-3.3673		-2.6323		0.2652
3.740		0.7354		-3.3677		-2.6323		0.2654
3.742		0.7358		-3.3681		-2.6323		0.2655
3.744		0.7360		-3.3684		-2.6323		0.2656
3.746		0.7361		-3.3685		-2.6324		0.2657
3.748		0.7361		-3.3685		-2.6324		0.2657
3.750		0.7359		-3.3684		-2.6325		0.2656
3.752		0.7354		-3.3679		-2.6326		0.2655
3.754		0.7347		-3.3673		-2.6326		0.2653
3.756		0.7337		-3.3664		-2.6327		0.2649
3.758		0.7324		-3.3652		-2.6328		0.2645
3.760		0.7309		-3.3637		-2.6328		0.2640
3.762		0.7291		-3.3620		-2.6329		0.2634
3.764		0.7270		-3.3600		-2.6330		0.2627
3.766		0.7247		-3.3577		-2.6331		0.2619
3.768		0.7221		-3.3552		-2.6331		0.2610
3.770		0.7193		-3.3525		-2.6332		0.2601
3.772		0.7163		-3.3496		-2.6333		0.2591
3.774		0.7132		-3.3465		-2.6334		0.2580
3.776		0.7098		-3.3433		-2.6334		0.2569
3.778		0.7064		-3.3399		-2.6335		0.2557
3.780		0.7029		-3.3364		-2.6336		0.2545
3.782		0.6993		-3.3329		-2.6337		0.2532
3.784		0.6957		-3.3294		-2.6337		0.2520
3.786		0.6922		-3.3259		-2.6338		0.2508
3.788		0.6887		-3.3226		-2.6338		0.2496
3.790		0.6854		-3.3194		-2.6339		0.2485
3.792		0.6824		-3.3164		-2.6340		0.2474
3.794		0.6796		-3.3136		-2.6340		0.2465
3.796		0.6772		-3.3113		-2.6341		0.2457
3.798		0.6752		-3.3093		-2.6341		0.2450
3.800		0.6736		-3.3078		-2.6341		0.2444
3.802		0.6725		-3.3067		-2.6342		0.2441
3.804		0.6720		-3.3062		-2.6342		0.2439
3.806		0.6720		-3.3062		-2.6343		0.2438
3.808		0.6725		-3.3068		-2.6343		0.2440
3.810		0.6735		-3.3079		-2.6344		0.2444
3.812		0.6751		-3.3095		-2.6344		0.2449
3.814		0.6772		-3.3116		-2.6345		0.2456
3.816		0.6797		-3.3142		-2.6345		0.2465
3.818		0.6825		-3.3172		-2.6346		0.2475
3.820		0.6858		-3.3205		-2.6347		0.2486
3.822		0.6893		-3.3241		-2.6348		0.2498
3.824		0.6930		-3.3279		-2.6349		0.2511
3.826		0.6969		-3.3319		-2.6350		0.2524
3.828		0.7009		-3.3360		-2.6351		0.2538
3.830		0.7050		-3.3402		-2.6352		0.2551
3.832		0.7090		-3.3444		-2.6353		0.2565
3.834		0.7130		-3.3485		-2.6355		0.2579
3.836		0.7169		-3.3525		-2.6356		0.2592
3.838		0.7207		-3.3564		-2.6357		0.2605
3.840		0.7243		-3.3602		-2.6358		0.2617
3.842		0.7277		-3.3637		-2.6360		0.2629
3.844		0.7309		-3.3670		-2.6361		0.2640
3.846		0.7339		-3.3701		-2.6362		0.2650
3.848		0.7366		-3.3730		-2.6363		0.2659
3.850		0.7391		-3.3756		-2.6365		0.2667
3.852		0.7414		-3.3780		-2.6366		0.2675
3.854		0.7434		-3.3801		-2.6367		0.2682
3.856		0.7453		-3.3821		-2.6368		0.2688
3.858		0.7469		-3.3838		-2.6369		0.2693
3.860		0.7483		-3.3853		-2.6370		0.2698
3.862		0.7496		-3.3867		-2.6371		0.2702
3.864		0.7508		-3.3880		-2.6372		0.2706
3.866		0.7520		-3.3892		-2.6373		0.2710
3.868		0.7531		-3.3904		-2.6373		0.2713
3.870		0.7541		-3.3915		-2.6374		0.2717
3.872		0.7553		-3.3927		-2.6375		0.2720
3.874		0.7564		-3.3939		-2.6375		0.2724
3.876		0.7577		-3.3952		-2.6376		0.2728
3.878		0.7590		-3.3966		-2.6376		0.2733
3.880		0.7604		-3.3981		-2.6377		0.2737
3.882		0.7619		-3.3997		-2.6377		0.2743
3.884		0.7635		-3.4013		-2.6378		0.2748
3.886		0.7652		-3.4031		-2.6379		0.2753
3.888		0.7669		-3.4048		-2.6379		0.2759
3.890		0.7686		-3.4066		-2.6380		0.2765
3.892		0.7703		-3.4084		-2.6381		0.2771
3.894		0.7720		-3.4102		-2.6382		0.2776
3.896		0.7736		-3.4119		-2.6382		0.2782
3.898		0.7751		-3.4134		-2.6383		0.2787
3.900		0.7765		-3.4149		-2.6384		0.2791
3.902		0.7777		-3.4162		-2.6385		0.2796
3.904		0.7788		-3.4174		-2.6386		0.2799
3.906		0.7797		-3.4184		-2.6387		0.2802
3.908		0.7804		-3.4192		-2.6388		0.2804
3.910		0.7809		-3.4198		-2.6388		0.2806
3.912		0.7813		-3.4202		-2.6389		0.2807
3.914		0.7814		-3.4204		-2.6390		0.2808
3.916		0.7813		-3.4204		-2.6391		0.2807
3.918		0.7811		-3.4203		-2.6392		0.2806
3.920		0.7806		-3.4199		-2.6393		0.2805
3.922		0.7800		-3.4193		-2.6393		0.2803
3.924		0.7792		-3.4186		-2.6394		0.2800
3.926		0.7782		-3.4177		-2.6395		0.2796
3.928		0.7770		-3.4166		-2.6396		0.2792
3.930		0.7756		-3.4153		-2.6396		0.2787
3.932		0.7741		-3.4138		-2.6397		0.2782
3.934		0.7724		-3.4122		-2.6398		0.2776
3.936		0.7706		-3.4105		-2.6399		0.2770
3.938		0.7686		-3.4085		-2.6399		0.2763
3.940		0.7665		-3.4065		-2.6400		0.2756
3.942		0.7642		-3.4043		-2.6401		0.2748
3.944		0.7618		-3.4019		-2.6401		0.2740
3.946		0.7593		-3.3995		-2.6402		0.2731
3.948		0.7568		-3.3970		-2.6402		0.2722
3.950		0.7541		-3.3944		-2.6403		0.2713
3.952		0.7514		-3.3917		-2.6403		0.2704
3.954		0.7487		-3.3890		-2.6404		0.2694
3.956		0.7459		-3.3863		-2.6404		0.2685
3.958		0.7432		-3.3836		-2.6405		0.2675
3.960		0.7404		-3.3809		-2.6405		0.2666
3.962		0.7378		-3.3783		-2.6405		0.2657
3.964		0.7352		-3.3757		-2.6405		0.2648
3.966		0.7326		-3.3732		-2.6406		0.2639
3.968		0.7302		-3.3708		-2.6406		0.2631
3.970		0.7279		-3.3685		-2.6406		0.2623
3.972		0.7257		-3.3663		-2.6406		0.2615
3.974		0.7236		-3.3643		-2.6407		0.2608
3.976		0.7217		-3.3624		-2.6407		0.2601
3.978		0.7200		-3.3607		-2.6407		0.2595
3.980		0.7183		-3.3591		-2.6407		0.2589
3.982		0.7169		-3.3576		-2.6407		0.2584
3.984		0.7156		-3.3563		-2.6408		0.2579
3.986		0.7144		-3.3552		-2.6408		0.2575
3.988		0.7134		-3.3542		-2.6408		0.2572
3.990		0.7125		-3.3533		-2.6408		0.2569
3.992		0.7118		-3.3527		-2.6408		0.2566
3.994		0.7113		-3.3521		-2.6409		0.2564
3.996		0.7109		-3.3518		-2.6409		0.2563
3.998		0.7107		-3.3516		-2.6409		0.2562
