# Averages varying with time steps
#  time		KE		PE		TE		Pr
0.000		0.3430		-3.3665		-3.0235		-2.6322
0.005		0.3429		-3.3664		-3.0235		0.1037
0.010		0.3427		-3.3662		-3.0235		0.1036
0.015		0.3423		-3.3658		-3.0235		0.1035
0.020		0.3417		-3.3652		-3.0235		0.1033
0.025		0.3410		-3.3645		-3.0235		0.1031
0.030		0.3400		-3.3635		-3.0235		0.1028
0.035		0.3388		-3.3623		-3.0235		0.1024
0.040		0.3373		-3.3608		-3.0235		0.1020
0.045		0.3355		-3.3590		-3.0235		0.1014
0.050		0.3334		-3.3568		-3.0234		0.1007
0.055		0.3308		-3.3542		-3.0234		0.0999
0.060		0.3278		-3.3511		-3.0233		0.0990
0.065		0.3243		-3.3476		-3.0233		0.0979
0.070		0.3204		-3.3435		-3.0232		0.0966
0.075		0.3159		-3.3390		-3.0230		0.0952
0.080		0.3111		-3.3339		-3.0229		0.0936
0.085		0.3059		-3.3285		-3.0226		0.0919
0.090		0.3005		-3.3228		-3.0223		0.0902
0.095		0.2950		-3.3170		-3.0220		0.0884
0.100		0.2897		-3.3112		-3.0216		0.0867
0.105		0.2845		-3.3056		-3.0211		0.0850
0.110		0.2796		-3.3003		-3.0207		0.0835
0.115		0.2751		-3.2954		-3.0202		0.0820
0.120		0.2709		-3.2907		-3.0198		0.0807
0.125		0.2668		-3.2862		-3.0194		0.0794
0.130		0.2628		-3.2819		-3.0191		0.0782
0.135		0.2588		-3.2776		-3.0188		0.0769
0.140		0.2546		-3.2731		-3.0185		0.0756
0.145		0.2503		-3.2686		-3.0182		0.0742
0.150		0.2460		-3.2639		-3.0179		0.0729
0.155		0.2418		-3.2594		-3.0176		0.0715
0.160		0.2379		-3.2551		-3.0172		0.0703
0.165		0.2348		-3.2515		-3.0167		0.0693
0.170		0.2327		-3.2489		-3.0162		0.0687
0.175		0.2319		-3.2475		-3.0156		0.0685
0.180		0.2323		-3.2474		-3.0151		0.0688
0.185		0.2341		-3.2486		-3.0146		0.0695
0.190		0.2368		-3.2509		-3.0141		0.0706
0.195		0.2401		-3.2539		-3.0138		0.0718
0.200		0.2439		-3.2573		-3.0134		0.0732
0.205		0.2478		-3.2609		-3.0132		0.0746
0.210		0.2515		-3.2644		-3.0129		0.0760
0.215		0.2550		-3.2678		-3.0128		0.0773
0.220		0.2582		-3.2708		-3.0126		0.0785
0.225		0.2610		-3.2735		-3.0125		0.0795
0.230		0.2634		-3.2758		-3.0124		0.0804
0.235		0.2653		-3.2776		-3.0123		0.0812
0.240		0.2667		-3.2789		-3.0122		0.0817
0.245		0.2674		-3.2795		-3.0121		0.0821
0.250		0.2675		-3.2796		-3.0121		0.0822
0.255		0.2668		-3.2789		-3.0120		0.0820
0.260		0.2654		-3.2774		-3.0120		0.0816
0.265		0.2632		-3.2751		-3.0119		0.0809
0.270		0.2605		-3.2722		-3.0117		0.0801
0.275		0.2575		-3.2690		-3.0115		0.0791
0.280		0.2548		-3.2659		-3.0111		0.0782
0.285		0.2528		-3.2635		-3.0107		0.0776
0.290		0.2520		-3.2622		-3.0102		0.0775
0.295		0.2527		-3.2623		-3.0097		0.0778
0.300		0.2546		-3.2639		-3.0092		0.0785
0.305		0.2575		-3.2664		-3.0089		0.0796
0.310		0.2608		-3.2695		-3.0087		0.0808
0.315		0.2639		-3.2724		-3.0085		0.0819
0.320		0.2663		-3.2747		-3.0084		0.0829
0.325		0.2679		-3.2762		-3.0083		0.0835
0.330		0.2686		-3.2768		-3.0082		0.0838
0.335		0.2687		-3.2767		-3.0079		0.0839
0.340		0.2688		-3.2763		-3.0076		0.0840
0.345		0.2692		-3.2763		-3.0071		0.0842
0.350		0.2707		-3.2772		-3.0065		0.0848
0.355		0.2737		-3.2795		-3.0058		0.0859
0.360		0.2782		-3.2834		-3.0052		0.0875
0.365		0.2840		-3.2887		-3.0047		0.0896
0.370		0.2907		-3.2949		-3.0042		0.0920
0.375		0.2980		-3.3018		-3.0038		0.0946
0.380		0.3052		-3.3087		-3.0035		0.0972
0.385		0.3123		-3.3155		-3.0032		0.0997
0.390		0.3189		-3.3219		-3.0030		0.1020
0.395		0.3251		-3.3278		-3.0027		0.1042
0.400		0.3308		-3.3333		-3.0025		0.1062
0.405		0.3361		-3.3384		-3.0023		0.1081
0.410		0.3409		-3.3431		-3.0021		0.1099
0.415		0.3454		-3.3474		-3.0019		0.1115
0.420		0.3495		-3.3513		-3.0018		0.1130
0.425		0.3533		-3.3549		-3.0016		0.1143
0.430		0.3567		-3.3582		-3.0014		0.1156
0.435		0.3598		-3.3611		-3.0013		0.1167
0.440		0.3625		-3.3636		-3.0011		0.1177
0.445		0.3649		-3.3659		-3.0010		0.1186
0.450		0.3670		-3.3678		-3.0008		0.1194
0.455		0.3689		-3.3695		-3.0006		0.1202
0.460		0.3705		-3.3710		-3.0005		0.1208
0.465		0.3720		-3.3723		-3.0003		0.1214
0.470		0.3735		-3.3736		-3.0001		0.1220
0.475		0.3750		-3.3749		-2.9999		0.1226
0.480		0.3765		-3.3763		-2.9997		0.1232
0.485		0.3783		-3.3778		-2.9995		0.1239
0.490		0.3802		-3.3795		-2.9993		0.1247
0.495		0.3825		-3.3815		-2.9990		0.1256
0.500		0.3850		-3.3838		-2.9988		0.1265
0.505		0.3878		-3.3864		-2.9986		0.1276
0.510		0.3909		-3.3893		-2.9983		0.1287
0.515		0.3942		-3.3924		-2.9981		0.1300
0.520		0.3977		-3.3956		-2.9979		0.1313
0.525		0.4011		-3.3988		-2.9977		0.1325
0.530		0.4046		-3.4021		-2.9975		0.1338
0.535		0.4080		-3.4052		-2.9973		0.1351
0.540		0.4111		-3.4082		-2.9971		0.1363
0.545		0.4141		-3.4110		-2.9969		0.1374
0.550		0.4169		-3.4136		-2.9966		0.1385
0.555		0.4195		-3.4160		-2.9964		0.1395
0.560		0.4220		-3.4182		-2.9962		0.1404
0.565		0.4243		-3.4202		-2.9959		0.1413
0.570		0.4266		-3.4223		-2.9956		0.1422
0.575		0.4289		-3.4243		-2.9954		0.1431
0.580		0.4313		-3.4264		-2.9951		0.1441
0.585		0.4339		-3.4287		-2.9948		0.1450
0.590		0.4366		-3.4311		-2.9945		0.1461
0.595		0.4395		-3.4337		-2.9942		0.1472
0.600		0.4425		-3.4364		-2.9939		0.1483
0.605		0.4456		-3.4392		-2.9936		0.1495
0.610		0.4488		-3.4421		-2.9933		0.1507
0.615		0.4520		-3.4450		-2.9930		0.1519
0.620		0.4551		-3.4479		-2.9928		0.1531
0.625		0.4582		-3.4507		-2.9925		0.1543
0.630		0.4613		-3.4535		-2.9922		0.1555
0.635		0.4643		-3.4562		-2.9919		0.1566
0.640		0.4672		-3.4589		-2.9916		0.1578
0.645		0.4701		-3.4615		-2.9913		0.1589
0.650		0.4730		-3.4641		-2.9911		0.1600
0.655		0.4758		-3.4666		-2.9908		0.1611
0.660		0.4786		-3.4690		-2.9905		0.1622
0.665		0.4813		-3.4714		-2.9902		0.1632
0.670		0.4839		-3.4738		-2.9899		0.1643
0.675		0.4864		-3.4760		-2.9896		0.1653
0.680		0.4889		-3.4782		-2.9893		0.1663
0.685		0.4912		-3.4802		-2.9890		0.1672
0.690		0.4934		-3.4821		-2.9887		0.1681
0.695		0.4955		-3.4838		-2.9884		0.1689
0.700		0.4974		-3.4854		-2.9881		0.1697
0.705		0.4991		-3.4869		-2.9878		0.1705
0.710		0.5008		-3.4882		-2.9874		0.1712
0.715		0.5024		-3.4895		-2.9871		0.1719
0.720		0.5040		-3.4908		-2.9868		0.1726
0.725		0.5058		-3.4923		-2.9865		0.1733
0.730		0.5077		-3.4939		-2.9862		0.1741
0.735		0.5099		-3.4958		-2.9859		0.1750
0.740		0.5124		-3.4979		-2.9856		0.1760
0.745		0.5150		-3.5003		-2.9853		0.1771
0.750		0.5178		-3.5029		-2.9850		0.1782
0.755		0.5207		-3.5055		-2.9848		0.1793
0.760		0.5236		-3.5081		-2.9846		0.1804
0.765		0.5264		-3.5107		-2.9843		0.1815
0.770		0.5291		-3.5132		-2.9841		0.1826
0.775		0.5317		-3.5156		-2.9839		0.1836
0.780		0.5343		-3.5180		-2.9836		0.1847
0.785		0.5371		-3.5204		-2.9833		0.1857
0.790		0.5401		-3.5231		-2.9830		0.1869
0.795		0.5434		-3.5261		-2.9827		0.1881
0.800		0.5472		-3.5296		-2.9823		0.1895
0.805		0.5516		-3.5336		-2.9820		0.1912
0.810		0.5565		-3.5381		-2.9816		0.1930
0.815		0.5621		-3.5432		-2.9811		0.1950
0.820		0.5681		-3.5488		-2.9807		0.1971
0.825		0.5747		-3.5549		-2.9803		0.1995
0.830		0.5816		-3.5614		-2.9798		0.2020
0.835		0.5889		-3.5682		-2.9793		0.2046
0.840		0.5963		-3.5752		-2.9788		0.2072
0.845		0.6039		-3.5822		-2.9784		0.2099
0.850		0.6114		-3.5893		-2.9779		0.2126
0.855		0.6188		-3.5962		-2.9774		0.2152
0.860		0.6259		-3.6029		-2.9770		0.2178
0.865		0.6325		-3.6091		-2.9766		0.2201
0.870		0.6387		-3.6148		-2.9762		0.2224
0.875		0.6442		-3.6199		-2.9758		0.2244
0.880		0.6491		-3.6244		-2.9754		0.2261
0.885		0.6534		-3.6284		-2.9750		0.2277
0.890		0.6571		-3.6318		-2.9746		0.2291
0.895		0.6605		-3.6348		-2.9742		0.2304
0.900		0.6637		-3.6375		-2.9738		0.2316
0.905		0.6668		-3.6402		-2.9734		0.2328
0.910		0.6699		-3.6429		-2.9730		0.2340
0.915		0.6731		-3.6457		-2.9726		0.2353
0.920		0.6763		-3.6485		-2.9722		0.2365
0.925		0.6796		-3.6515		-2.9719		0.2378
0.930		0.6828		-3.6543		-2.9715		0.2391
0.935		0.6859		-3.6570		-2.9712		0.2403
0.940		0.6887		-3.6595		-2.9708		0.2414
0.945		0.6913		-3.6618		-2.9705		0.2424
0.950		0.6936		-3.6637		-2.9702		0.2434
0.955		0.6956		-3.6654		-2.9698		0.2442
0.960		0.6973		-3.6668		-2.9695		0.2450
0.965		0.6987		-3.6680		-2.9692		0.2457
0.970		0.6997		-3.6687		-2.9690		0.2462
0.975		0.7001		-3.6688		-2.9687		0.2465
0.980		0.6998		-3.6683		-2.9685		0.2465
0.985		0.6988		-3.6671		-2.9683		0.2464
0.990		0.6971		-3.6651		-2.9681		0.2459
0.995		0.6949		-3.6627		-2.9678		0.2454
1.000		0.6925		-3.6600		-2.9675		0.2447
1.005		0.6901		-3.6573		-2.9672		0.2441
1.010		0.6878		-3.6548		-2.9670		0.2435
1.015		0.6856		-3.6523		-2.9667		0.2429
1.020		0.6834		-3.6499		-2.9665		0.2423
1.025		0.6810		-3.6473		-2.9663		0.2417
1.030		0.6787		-3.6447		-2.9660		0.2410
1.035		0.6766		-3.6423		-2.9657		0.2405
1.040		0.6753		-3.6406		-2.9653		0.2402
1.045		0.6753		-3.6401		-2.9649		0.2403
1.050		0.6771		-3.6414		-2.9644		0.2410
1.055		0.6811		-3.6449		-2.9638		0.2425
1.060		0.6874		-3.6507		-2.9633		0.2449
1.065		0.6961		-3.6589		-2.9629		0.2480
1.070		0.7067		-3.6692		-2.9625		0.2518
1.075		0.7189		-3.6810		-2.9621		0.2560
1.080		0.7318		-3.6936		-2.9619		0.2606
1.085		0.7447		-3.7064		-2.9617		0.2651
1.090		0.7570		-3.7186		-2.9616		0.2695
1.095		0.7681		-3.7296		-2.9615		0.2734
1.100		0.7774		-3.7388		-2.9615		0.2766
1.105		0.7844		-3.7459		-2.9614		0.2791
1.110		0.7891		-3.7505		-2.9614		0.2808
1.115		0.7911		-3.7524		-2.9614		0.2816
1.120		0.7904		-3.7517		-2.9613		0.2814
1.125		0.7873		-3.7485		-2.9612		0.2804
1.130		0.7820		-3.7430		-2.9609		0.2787
1.135		0.7751		-3.7358		-2.9606		0.2764
1.140		0.7675		-3.7276		-2.9601		0.2738
1.145		0.7601		-3.7196		-2.9595		0.2713
1.150		0.7540		-3.7127		-2.9587		0.2692
1.155		0.7499		-3.7078		-2.9579		0.2679
1.160		0.7486		-3.7056		-2.9570		0.2675
1.165		0.7500		-3.7062		-2.9562		0.2681
1.170		0.7539		-3.7094		-2.9554		0.2695
1.175		0.7598		-3.7146		-2.9548		0.2715
1.180		0.7667		-3.7211		-2.9544		0.2739
1.185		0.7739		-3.7279		-2.9541		0.2764
1.190		0.7807		-3.7346		-2.9538		0.2788
1.195		0.7869		-3.7405		-2.9536		0.2809
1.200		0.7923		-3.7457		-2.9534		0.2828
1.205		0.7972		-3.7503		-2.9531		0.2845
1.210		0.8019		-3.7548		-2.9529		0.2861
1.215		0.8067		-3.7593		-2.9526		0.2878
1.220		0.8116		-3.7639		-2.9524		0.2894
1.225		0.8163		-3.7685		-2.9522		0.2911
1.230		0.8206		-3.7726		-2.9520		0.2926
1.235		0.8241		-3.7760		-2.9518		0.2938
1.240		0.8266		-3.7783		-2.9517		0.2947
1.245		0.8279		-3.7794		-2.9515		0.2951
1.250		0.8280		-3.7793		-2.9513		0.2952
1.255		0.8270		-3.7780		-2.9510		0.2948
1.260		0.8248		-3.7755		-2.9507		0.2941
1.265		0.8217		-3.7721		-2.9504		0.2931
1.270		0.8177		-3.7677		-2.9500		0.2918
1.275		0.8130		-3.7625		-2.9496		0.2902
1.280		0.8077		-3.7568		-2.9490		0.2884
1.285		0.8022		-3.7506		-2.9485		0.2865
1.290		0.7966		-3.7444		-2.9478		0.2846
1.295		0.7915		-3.7385		-2.9470		0.2829
1.300		0.7870		-3.7332		-2.9462		0.2814
1.305		0.7837		-3.7290		-2.9453		0.2803
1.310		0.7818		-3.7262		-2.9444		0.2797
1.315		0.7814		-3.7249		-2.9435		0.2796
1.320		0.7825		-3.7252		-2.9427		0.2800
1.325		0.7850		-3.7269		-2.9419		0.2809
1.330		0.7885		-3.7297		-2.9412		0.2821
1.335		0.7927		-3.7332		-2.9405		0.2835
1.340		0.7971		-3.7370		-2.9399		0.2851
1.345		0.8014		-3.7408		-2.9394		0.2865
1.350		0.8053		-3.7441		-2.9389		0.2879
1.355		0.8087		-3.7470		-2.9383		0.2891
1.360		0.8117		-3.7494		-2.9377		0.2901
1.365		0.8143		-3.7514		-2.9371		0.2910
1.370		0.8169		-3.7533		-2.9364		0.2919
1.375		0.8195		-3.7552		-2.9357		0.2928
1.380		0.8223		-3.7573		-2.9350		0.2937
1.385		0.8252		-3.7594		-2.9342		0.2947
1.390		0.8282		-3.7617		-2.9335		0.2957
1.395		0.8312		-3.7640		-2.9328		0.2967
1.400		0.8341		-3.7661		-2.9320		0.2977
1.405		0.8369		-3.7681		-2.9313		0.2986
1.410		0.8396		-3.7701		-2.9305		0.2995
1.415		0.8423		-3.7721		-2.9298		0.3004
1.420		0.8452		-3.7743		-2.9290		0.3014
1.425		0.8484		-3.7767		-2.9283		0.3024
1.430		0.8516		-3.7792		-2.9276		0.3035
1.435		0.8548		-3.7818		-2.9270		0.3046
1.440		0.8576		-3.7842		-2.9265		0.3055
1.445		0.8598		-3.7858		-2.9261		0.3062
1.450		0.8608		-3.7866		-2.9257		0.3065
1.455		0.8607		-3.7860		-2.9254		0.3064
1.460		0.8592		-3.7842		-2.9251		0.3059
1.465		0.8566		-3.7813		-2.9247		0.3049
1.470		0.8533		-3.7775		-2.9242		0.3037
1.475		0.8499		-3.7736		-2.9237		0.3025
1.480		0.8471		-3.7701		-2.9230		0.3015
1.485		0.8455		-3.7678		-2.9223		0.3009
1.490		0.8457		-3.7672		-2.9216		0.3009
1.495		0.8476		-3.7685		-2.9208		0.3016
1.500		0.8514		-3.7715		-2.9201		0.3029
1.505		0.8565		-3.7760		-2.9195		0.3046
1.510		0.8626		-3.7816		-2.9189		0.3067
1.515		0.8693		-3.7877		-2.9184		0.3089
1.520		0.8761		-3.7941		-2.9179		0.3113
1.525		0.8829		-3.8004		-2.9175		0.3136
1.530		0.8892		-3.8063		-2.9171		0.3158
1.535		0.8950		-3.8117		-2.9167		0.3177
1.540		0.9000		-3.8164		-2.9164		0.3195
1.545		0.9040		-3.8201		-2.9161		0.3208
1.550		0.9068		-3.8227		-2.9159		0.3218
1.555		0.9084		-3.8240		-2.9156		0.3224
1.560		0.9086		-3.8240		-2.9154		0.3225
1.565		0.9076		-3.8228		-2.9152		0.3222
1.570		0.9054		-3.8204		-2.9150		0.3215
1.575		0.9023		-3.8170		-2.9147		0.3205
1.580		0.8987		-3.8131		-2.9144		0.3193
1.585		0.8948		-3.8089		-2.9141		0.3180
1.590		0.8911		-3.8048		-2.9137		0.3168
1.595		0.8876		-3.8009		-2.9133		0.3156
1.600		0.8845		-3.7975		-2.9130		0.3147
1.605		0.8818		-3.7944		-2.9126		0.3138
1.610		0.8791		-3.7914		-2.9123		0.3129
1.615		0.8762		-3.7883		-2.9121		0.3120
1.620		0.8731		-3.7849		-2.9118		0.3110
1.625		0.8694		-3.7810		-2.9116		0.3098
1.630		0.8651		-3.7765		-2.9114		0.3084
1.635		0.8604		-3.7715		-2.9111		0.3069
1.640		0.8552		-3.7660		-2.9108		0.3051
1.645		0.8496		-3.7602		-2.9106		0.3033
1.650		0.8438		-3.7541		-2.9103		0.3014
1.655		0.8380		-3.7480		-2.9100		0.2994
1.660		0.8325		-3.7421		-2.9097		0.2976
1.665		0.8274		-3.7368		-2.9094		0.2959
1.670		0.8233		-3.7323		-2.9090		0.2945
1.675		0.8203		-3.7290		-2.9087		0.2935
1.680		0.8187		-3.7271		-2.9084		0.2930
1.685		0.8188		-3.7269		-2.9081		0.2931
1.690		0.8207		-3.7285		-2.9078		0.2938
1.695		0.8245		-3.7320		-2.9075		0.2951
1.700		0.8299		-3.7372		-2.9073		0.2969
1.705		0.8366		-3.7439		-2.9072		0.2993
1.710		0.8443		-3.7515		-2.9072		0.3020
1.715		0.8526		-3.7598		-2.9072		0.3048
1.720		0.8609		-3.7682		-2.9073		0.3077
1.725		0.8688		-3.7762		-2.9074		0.3104
1.730		0.8759		-3.7834		-2.9076		0.3129
1.735		0.8817		-3.7894		-2.9077		0.3149
1.740		0.8860		-3.7939		-2.9079		0.3164
1.745		0.8884		-3.7966		-2.9081		0.3173
1.750		0.8888		-3.7971		-2.9084		0.3174
1.755		0.8870		-3.7956		-2.9086		0.3169
1.760		0.8831		-3.7918		-2.9087		0.3155
1.765		0.8771		-3.7860		-2.9089		0.3135
1.770		0.8693		-3.7783		-2.9090		0.3109
1.775		0.8601		-3.7692		-2.9091		0.3077
1.780		0.8499		-3.7590		-2.9091		0.3043
1.785		0.8394		-3.7484		-2.9090		0.3007
1.790		0.8291		-3.7380		-2.9089		0.2972
1.795		0.8196		-3.7284		-2.9088		0.2939
1.800		0.8113		-3.7200		-2.9086		0.2911
1.805		0.8047		-3.7131		-2.9084		0.2888
1.810		0.7998		-3.7080		-2.9082		0.2872
1.815		0.7969		-3.7049		-2.9080		0.2862
1.820		0.7959		-3.7037		-2.9078		0.2859
1.825		0.7970		-3.7045		-2.9076		0.2862
1.830		0.7998		-3.7072		-2.9074		0.2872
1.835		0.8043		-3.7115		-2.9072		0.2887
1.840		0.8099		-3.7170		-2.9071		0.2906
1.845		0.8161		-3.7232		-2.9071		0.2927
1.850		0.8225		-3.7296		-2.9071		0.2949
1.855		0.8288		-3.7359		-2.9072		0.2970
1.860		0.8346		-3.7418		-2.9072		0.2990
1.865		0.8399		-3.7472		-2.9073		0.3008
1.870		0.8442		-3.7517		-2.9075		0.3023
1.875		0.8472		-3.7549		-2.9078		0.3033
1.880		0.8482		-3.7563		-2.9081		0.3036
1.885		0.8470		-3.7555		-2.9085		0.3031
1.890		0.8431		-3.7521		-2.9090		0.3018
1.895		0.8366		-3.7460		-2.9095		0.2995
1.900		0.8276		-3.7375		-2.9099		0.2964
1.905		0.8167		-3.7269		-2.9102		0.2926
1.910		0.8048		-3.7152		-2.9104		0.2885
1.915		0.7928		-3.7032		-2.9105		0.2843
1.920		0.7818		-3.6922		-2.9104		0.2805
1.925		0.7731		-3.6832		-2.9101		0.2775
1.930		0.7677		-3.6775		-2.9098		0.2756
1.935		0.7662		-3.6756		-2.9094		0.2751
1.940		0.7688		-3.6778		-2.9090		0.2759
1.945		0.7749		-3.6837		-2.9088		0.2780
1.950		0.7836		-3.6924		-2.9088		0.2810
1.955		0.7938		-3.7026		-2.9089		0.2844
1.960		0.8041		-3.7132		-2.9091		0.2879
1.965		0.8136		-3.7230		-2.9094		0.2911
1.970		0.8215		-3.7313		-2.9098		0.2938
1.975		0.8277		-3.7378		-2.9101		0.2959
1.980		0.8320		-3.7424		-2.9104		0.2973
1.985		0.8350		-3.7456		-2.9106		0.2983
1.990		0.8372		-3.7479		-2.9106		0.2989
1.995		0.8393		-3.7499		-2.9107		0.2996
2.000		0.8414		-3.7521		-2.9106		0.3002
2.005		0.8438		-3.7545		-2.9107		0.3010
2.010		0.8464		-3.7571		-2.9107		0.3018
2.015		0.8490		-3.7597		-2.9107		0.3027
2.020		0.8516		-3.7622		-2.9107		0.3035
2.025		0.8540		-3.7646		-2.9106		0.3043
2.030		0.8563		-3.7669		-2.9106		0.3050
2.035		0.8586		-3.7691		-2.9105		0.3058
2.040		0.8611		-3.7714		-2.9103		0.3066
2.045		0.8636		-3.7738		-2.9102		0.3074
2.050		0.8663		-3.7763		-2.9100		0.3083
2.055		0.8691		-3.7790		-2.9099		0.3092
2.060		0.8720		-3.7817		-2.9097		0.3102
2.065		0.8748		-3.7844		-2.9096		0.3111
2.070		0.8773		-3.7868		-2.9095		0.3119
2.075		0.8793		-3.7887		-2.9094		0.3126
2.080		0.8804		-3.7898		-2.9094		0.3130
2.085		0.8805		-3.7899		-2.9094		0.3130
2.090		0.8791		-3.7886		-2.9095		0.3125
2.095		0.8761		-3.7857		-2.9096		0.3114
2.100		0.8713		-3.7811		-2.9097		0.3098
2.105		0.8648		-3.7747		-2.9098		0.3075
2.110		0.8567		-3.7666		-2.9099		0.3047
2.115		0.8471		-3.7571		-2.9100		0.3014
2.120		0.8364		-3.7464		-2.9100		0.2977
2.125		0.8249		-3.7349		-2.9100		0.2938
2.130		0.8131		-3.7231		-2.9100		0.2897
2.135		0.8014		-3.7114		-2.9100		0.2857
2.140		0.7902		-3.7001		-2.9099		0.2819
2.145		0.7799		-3.6898		-2.9099		0.2783
2.150		0.7709		-3.6807		-2.9098		0.2752
2.155		0.7636		-3.6733		-2.9097		0.2727
2.160		0.7586		-3.6681		-2.9095		0.2710
2.165		0.7565		-3.6657		-2.9092		0.2703
2.170		0.7575		-3.6664		-2.9089		0.2706
2.175		0.7615		-3.6701		-2.9086		0.2720
2.180		0.7679		-3.6763		-2.9084		0.2742
2.185		0.7757		-3.6841		-2.9083		0.2769
2.190		0.7839		-3.6922		-2.9084		0.2797
2.195		0.7912		-3.6997		-2.9085		0.2822
2.200		0.7969		-3.7056		-2.9086		0.2842
2.205		0.8007		-3.7094		-2.9087		0.2855
2.210		0.8025		-3.7112		-2.9087		0.2861
2.215		0.8027		-3.7113		-2.9086		0.2861
2.220		0.8019		-3.7103		-2.9084		0.2858
2.225		0.8007		-3.7088		-2.9081		0.2854
2.230		0.7996		-3.7074		-2.9078		0.2850
2.235		0.7987		-3.7063		-2.9075		0.2847
2.240		0.7981		-3.7054		-2.9073		0.2845
2.245		0.7974		-3.7045		-2.9071		0.2842
2.250		0.7963		-3.7033		-2.9070		0.2838
2.255		0.7945		-3.7014		-2.9068		0.2832
2.260		0.7923		-3.6989		-2.9066		0.2824
2.265		0.7897		-3.6960		-2.9063		0.2815
2.270		0.7874		-3.6932		-2.9058		0.2807
2.275		0.7860		-3.6912		-2.9052		0.2802
2.280		0.7860		-3.6905		-2.9045		0.2802
2.285		0.7877		-3.6914		-2.9038		0.2808
2.290		0.7911		-3.6942		-2.9031		0.2820
2.295		0.7959		-3.6984		-2.9025		0.2836
2.300		0.8017		-3.7036		-2.9019		0.2856
2.305		0.8079		-3.7094		-2.9014		0.2877
2.310		0.8141		-3.7151		-2.9010		0.2899
2.315		0.8199		-3.7204		-2.9005		0.2918
2.320		0.8251		-3.7251		-2.9001		0.2936
2.325		0.8297		-3.7292		-2.8996		0.2952
2.330		0.8337		-3.7328		-2.8991		0.2966
2.335		0.8375		-3.7359		-2.8985		0.2978
2.340		0.8410		-3.7388		-2.8978		0.2991
2.345		0.8446		-3.7417		-2.8971		0.3003
2.350		0.8484		-3.7447		-2.8964		0.3016
2.355		0.8523		-3.7479		-2.8956		0.3029
2.360		0.8564		-3.7513		-2.8948		0.3044
2.365		0.8607		-3.7547		-2.8941		0.3058
2.370		0.8650		-3.7583		-2.8933		0.3073
2.375		0.8694		-3.7619		-2.8925		0.3088
2.380		0.8738		-3.7654		-2.8917		0.3104
2.385		0.8782		-3.7691		-2.8909		0.3119
2.390		0.8828		-3.7729		-2.8901		0.3135
2.395		0.8874		-3.7768		-2.8894		0.3151
2.400		0.8919		-3.7806		-2.8887		0.3167
2.405		0.8960		-3.7841		-2.8881		0.3182
2.410		0.8992		-3.7869		-2.8877		0.3193
2.415		0.9011		-3.7885		-2.8874		0.3200
2.420		0.9012		-3.7884		-2.8872		0.3201
2.425		0.8992		-3.7862		-2.8870		0.3195
2.430		0.8950		-3.7819		-2.8869		0.3181
2.435		0.8888		-3.7756		-2.8868		0.3160
2.440		0.8808		-3.7674		-2.8866		0.3133
2.445		0.8718		-3.7582		-2.8864		0.3102
2.450		0.8624		-3.7485		-2.8861		0.3071
2.455		0.8535		-3.7392		-2.8857		0.3041
2.460		0.8458		-3.7311		-2.8853		0.3015
2.465		0.8398		-3.7246		-2.8848		0.2995
2.470		0.8357		-3.7201		-2.8844		0.2981
2.475		0.8337		-3.7176		-2.8839		0.2975
2.480		0.8337		-3.7172		-2.8835		0.2975
2.485		0.8356		-3.7186		-2.8830		0.2982
2.490		0.8391		-3.7217		-2.8826		0.2994
2.495		0.8442		-3.7263		-2.8822		0.3012
2.500		0.8503		-3.7321		-2.8818		0.3033
2.505		0.8572		-3.7386		-2.8814		0.3057
2.510		0.8645		-3.7455		-2.8810		0.3082
2.515		0.8717		-3.7524		-2.8807		0.3107
2.520		0.8786		-3.7589		-2.8803		0.3131
2.525		0.8848		-3.7648		-2.8800		0.3153
2.530		0.8904		-3.7700		-2.8796		0.3172
2.535		0.8952		-3.7744		-2.8792		0.3188
2.540		0.8992		-3.7781		-2.8788		0.3202
2.545		0.9026		-3.7810		-2.8784		0.3214
2.550		0.9054		-3.7834		-2.8780		0.3224
2.555		0.9075		-3.7851		-2.8776		0.3231
2.560		0.9089		-3.7862		-2.8773		0.3236
2.565		0.9096		-3.7866		-2.8769		0.3239
2.570		0.9096		-3.7862		-2.8766		0.3239
2.575		0.9088		-3.7852		-2.8763		0.3236
2.580		0.9076		-3.7836		-2.8760		0.3232
2.585		0.9061		-3.7818		-2.8757		0.3227
2.590		0.9049		-3.7801		-2.8753		0.3223
2.595		0.9043		-3.7791		-2.8748		0.3222
2.600		0.9047		-3.7790		-2.8743		0.3223
2.605		0.9064		-3.7802		-2.8739		0.3230
2.610		0.9093		-3.7827		-2.8734		0.3240
2.615		0.9131		-3.7862		-2.8731		0.3254
2.620		0.9176		-3.7904		-2.8728		0.3270
2.625		0.9221		-3.7947		-2.8726		0.3286
2.630		0.9260		-3.7985		-2.8725		0.3300
2.635		0.9287		-3.8011		-2.8725		0.3310
2.640		0.9297		-3.8022		-2.8725		0.3314
2.645		0.9287		-3.8012		-2.8726		0.3311
2.650		0.9255		-3.7982		-2.8726		0.3301
2.655		0.9205		-3.7931		-2.8726		0.3284
2.660		0.9139		-3.7864		-2.8725		0.3262
2.665		0.9062		-3.7787		-2.8724		0.3237
2.670		0.8981		-3.7704		-2.8722		0.3209
2.675		0.8899		-3.7620		-2.8721		0.3182
2.680		0.8818		-3.7538		-2.8720		0.3155
2.685		0.8739		-3.7458		-2.8719		0.3128
2.690		0.8662		-3.7381		-2.8719		0.3102
2.695		0.8589		-3.7307		-2.8718		0.3077
2.700		0.8523		-3.7241		-2.8718		0.3055
2.705		0.8471		-3.7187		-2.8716		0.3038
2.710		0.8439		-3.7153		-2.8714		0.3027
2.715		0.8431		-3.7143		-2.8712		0.3024
2.720		0.8448		-3.7158		-2.8710		0.3030
2.725		0.8485		-3.7195		-2.8710		0.3043
2.730		0.8536		-3.7246		-2.8710		0.3061
2.735		0.8592		-3.7303		-2.8711		0.3080
2.740		0.8647		-3.7359		-2.8712		0.3099
2.745		0.8696		-3.7408		-2.8713		0.3115
2.750		0.8736		-3.7449		-2.8713		0.3129
2.755		0.8764		-3.7478		-2.8713		0.3138
2.760		0.8781		-3.7494		-2.8713		0.3144
2.765		0.8783		-3.7496		-2.8713		0.3145
2.770		0.8773		-3.7485		-2.8712		0.3141
2.775		0.8749		-3.7459		-2.8711		0.3132
2.780		0.8714		-3.7422		-2.8708		0.3120
2.785		0.8672		-3.7378		-2.8705		0.3106
2.790		0.8629		-3.7330		-2.8701		0.3091
2.795		0.8588		-3.7284		-2.8696		0.3076
2.800		0.8554		-3.7245		-2.8690		0.3065
2.805		0.8533		-3.7217		-2.8684		0.3058
2.810		0.8526		-3.7204		-2.8678		0.3055
2.815		0.8534		-3.7206		-2.8672		0.3058
2.820		0.8559		-3.7225		-2.8665		0.3067
2.825		0.8600		-3.7259		-2.8659		0.3081
2.830		0.8656		-3.7309		-2.8653		0.3101
2.835		0.8725		-3.7373		-2.8647		0.3125
2.840		0.8807		-3.7448		-2.8642		0.3153
2.845		0.8897		-3.7534		-2.8636		0.3184
2.850		0.8994		-3.7625		-2.8631		0.3217
2.855		0.9092		-3.7719		-2.8627		0.3251
2.860		0.9189		-3.7811		-2.8622		0.3284
2.865		0.9278		-3.7897		-2.8618		0.3315
2.870		0.9358		-3.7973		-2.8615		0.3343
2.875		0.9425		-3.8036		-2.8611		0.3366
2.880		0.9477		-3.8085		-2.8608		0.3384
2.885		0.9512		-3.8117		-2.8605		0.3396
2.890		0.9530		-3.8132		-2.8602		0.3402
2.895		0.9529		-3.8128		-2.8600		0.3402
2.900		0.9508		-3.8105		-2.8597		0.3395
2.905		0.9467		-3.8062		-2.8595		0.3381
2.910		0.9406		-3.7999		-2.8593		0.3360
2.915		0.9328		-3.7919		-2.8591		0.3334
2.920		0.9237		-3.7824		-2.8588		0.3302
2.925		0.9137		-3.7722		-2.8584		0.3268
2.930		0.9035		-3.7615		-2.8580		0.3233
2.935		0.8934		-3.7510		-2.8576		0.3199
2.940		0.8836		-3.7409		-2.8573		0.3166
2.945		0.8743		-3.7312		-2.8569		0.3134
2.950		0.8654		-3.7220		-2.8566		0.3103
2.955		0.8569		-3.7133		-2.8564		0.3075
2.960		0.8489		-3.7050		-2.8561		0.3047
2.965		0.8413		-3.6972		-2.8559		0.3022
2.970		0.8341		-3.6898		-2.8557		0.2997
2.975		0.8271		-3.6826		-2.8555		0.2973
2.980		0.8202		-3.6755		-2.8554		0.2950
2.985		0.8133		-3.6684		-2.8552		0.2926
2.990		0.8065		-3.6614		-2.8550		0.2903
2.995		0.8001		-3.6548		-2.8546		0.2881
3.000		0.7948		-3.6490		-2.8542		0.2863
3.005		0.7912		-3.6448		-2.8536		0.2850
3.010		0.7901		-3.6430		-2.8530		0.2846
3.015		0.7921		-3.6443		-2.8522		0.2854
3.020		0.7979		-3.6493		-2.8514		0.2873
3.025		0.8074		-3.6580		-2.8506		0.2906
3.030		0.8203		-3.6702		-2.8499		0.2951
3.035		0.8359		-3.6852		-2.8494		0.3004
3.040		0.8530		-3.7020		-2.8490		0.3063
3.045		0.8706		-3.7194		-2.8488		0.3124
3.050		0.8877		-3.7363		-2.8487		0.3182
3.055		0.9032		-3.7519		-2.8486		0.3236
3.060		0.9167		-3.7653		-2.8487		0.3282
3.065		0.9275		-3.7762		-2.8487		0.3319
3.070		0.9356		-3.7844		-2.8487		0.3347
3.075		0.9410		-3.7897		-2.8487		0.3366
3.080		0.9438		-3.7924		-2.8486		0.3376
3.085		0.9443		-3.7928		-2.8485		0.3378
3.090		0.9431		-3.7913		-2.8483		0.3374
3.095		0.9405		-3.7884		-2.8480		0.3365
3.100		0.9370		-3.7846		-2.8476		0.3354
3.105		0.9331		-3.7802		-2.8472		0.3341
3.110		0.9289		-3.7756		-2.8467		0.3327
3.115		0.9249		-3.7711		-2.8462		0.3314
3.120		0.9209		-3.7667		-2.8457		0.3301
3.125		0.9171		-3.7624		-2.8453		0.3289
3.130		0.9133		-3.7582		-2.8448		0.3276
3.135		0.9095		-3.7539		-2.8444		0.3264
3.140		0.9055		-3.7495		-2.8440		0.3250
3.145		0.9013		-3.7449		-2.8436		0.3237
3.150		0.8971		-3.7403		-2.8432		0.3223
3.155		0.8932		-3.7359		-2.8427		0.3209
3.160		0.8899		-3.7321		-2.8421		0.3198
3.165		0.8878		-3.7293		-2.8415		0.3191
3.170		0.8872		-3.7281		-2.8409		0.3189
3.175		0.8885		-3.7287		-2.8402		0.3194
3.180		0.8915		-3.7312		-2.8396		0.3204
3.185		0.8961		-3.7352		-2.8391		0.3220
3.190		0.9016		-3.7403		-2.8387		0.3239
3.195		0.9071		-3.7455		-2.8385		0.3257
3.200		0.9119		-3.7502		-2.8383		0.3274
3.205		0.9153		-3.7535		-2.8382		0.3285
3.210		0.9169		-3.7551		-2.8381		0.3290
3.215		0.9165		-3.7546		-2.8381		0.3288
3.220		0.9140		-3.7520		-2.8380		0.3279
3.225		0.9096		-3.7475		-2.8378		0.3263
3.230		0.9038		-3.7414		-2.8376		0.3243
3.235		0.8970		-3.7343		-2.8373		0.3219
3.240		0.8900		-3.7269		-2.8369		0.3194
3.245		0.8836		-3.7200		-2.8364		0.3171
3.250		0.8787		-3.7144		-2.8357		0.3153
3.255		0.8760		-3.7110		-2.8350		0.3143
3.260		0.8762		-3.7105		-2.8343		0.3143
3.265		0.8795		-3.7131		-2.8336		0.3154
3.270		0.8855		-3.7185		-2.8330		0.3174
3.275		0.8936		-3.7261		-2.8325		0.3201
3.280		0.9027		-3.7349		-2.8322		0.3231
3.285		0.9117		-3.7438		-2.8321		0.3262
3.290		0.9197		-3.7517		-2.8320		0.3288
3.295		0.9258		-3.7579		-2.8320		0.3309
3.300		0.9298		-3.7618		-2.8321		0.3321
3.305		0.9315		-3.7636		-2.8321		0.3327
3.310		0.9314		-3.7634		-2.8319		0.3325
3.315		0.9302		-3.7619		-2.8317		0.3320
3.320		0.9285		-3.7599		-2.8314		0.3314
3.325		0.9271		-3.7581		-2.8311		0.3308
3.330		0.9261		-3.7568		-2.8307		0.3304
3.335		0.9254		-3.7559		-2.8305		0.3301
3.340		0.9245		-3.7548		-2.8303		0.3297
3.345		0.9231		-3.7531		-2.8300		0.3291
3.350		0.9209		-3.7506		-2.8297		0.3283
3.355		0.9181		-3.7474		-2.8293		0.3273
3.360		0.9154		-3.7441		-2.8287		0.3263
3.365		0.9132		-3.7413		-2.8281		0.3255
3.370		0.9120		-3.7393		-2.8274		0.3250
3.375		0.9118		-3.7385		-2.8267		0.3249
3.380		0.9124		-3.7386		-2.8262		0.3250
3.385		0.9135		-3.7392		-2.8257		0.3253
3.390		0.9148		-3.7400		-2.8253		0.3257
3.395		0.9159		-3.7408		-2.8249		0.3260
3.400		0.9171		-3.7416		-2.8245		0.3264
3.405		0.9186		-3.7427		-2.8241		0.3268
3.410		0.9207		-3.7444		-2.8237		0.3275
3.415		0.9237		-3.7470		-2.8232		0.3285
3.420		0.9277		-3.7506		-2.8229		0.3299
3.425		0.9325		-3.7551		-2.8226		0.3315
3.430		0.9378		-3.7601		-2.8223		0.3333
3.435		0.9431		-3.7652		-2.8221		0.3351
3.440		0.9480		-3.7700		-2.8220		0.3368
3.445		0.9520		-3.7740		-2.8220		0.3382
3.450		0.9549		-3.7769		-2.8220		0.3392
3.455		0.9563		-3.7783		-2.8220		0.3397
3.460		0.9561		-3.7781		-2.8221		0.3396
3.465		0.9539		-3.7761		-2.8222		0.3389
3.470		0.9497		-3.7721		-2.8224		0.3375
3.475		0.9435		-3.7661		-2.8226		0.3354
3.480		0.9354		-3.7582		-2.8228		0.3326
3.485		0.9255		-3.7485		-2.8230		0.3292
3.490		0.9145		-3.7376		-2.8231		0.3255
3.495		0.9032		-3.7263		-2.8231		0.3216
3.500		0.8927		-3.7156		-2.8229		0.3181
3.505		0.8840		-3.7066		-2.8226		0.3151
3.510		0.8776		-3.6999		-2.8223		0.3130
3.515		0.8736		-3.6957		-2.8220		0.3116
3.520		0.8720		-3.6937		-2.8217		0.3111
3.525		0.8722		-3.6936		-2.8213		0.3113
3.530		0.8741		-3.6951		-2.8209		0.3120
3.535		0.8776		-3.6980		-2.8204		0.3132
3.540		0.8825		-3.7024		-2.8199		0.3149
3.545		0.8887		-3.7080		-2.8193		0.3171
3.550		0.8960		-3.7147		-2.8187		0.3197
3.555		0.9041		-3.7222		-2.8181		0.3225
3.560		0.9127		-3.7302		-2.8175		0.3255
3.565		0.9211		-3.7381		-2.8170		0.3284
3.570		0.9288		-3.7454		-2.8166		0.3312
3.575		0.9354		-3.7517		-2.8162		0.3335
3.580		0.9404		-3.7563		-2.8159		0.3352
3.585		0.9434		-3.7590		-2.8156		0.3363
3.590		0.9442		-3.7595		-2.8153		0.3367
3.595		0.9427		-3.7577		-2.8151		0.3362
3.600		0.9389		-3.7537		-2.8148		0.3350
3.605		0.9332		-3.7476		-2.8145		0.3331
3.610		0.9258		-3.7399		-2.8141		0.3306
3.615		0.9175		-3.7311		-2.8137		0.3278
3.620		0.9087		-3.7219		-2.8131		0.3248
3.625		0.9003		-3.7128		-2.8126		0.3220
3.630		0.8928		-3.7047		-2.8119		0.3195
3.635		0.8866		-3.6979		-2.8113		0.3174
3.640		0.8821		-3.6928		-2.8107		0.3159
3.645		0.8794		-3.6894		-2.8100		0.3151
3.650		0.8784		-3.6878		-2.8094		0.3148
3.655		0.8791		-3.6879		-2.8089		0.3150
3.660		0.8812		-3.6895		-2.8084		0.3158
3.665		0.8845		-3.6924		-2.8079		0.3170
3.670		0.8888		-3.6962		-2.8074		0.3185
3.675		0.8938		-3.7007		-2.8070		0.3202
3.680		0.8992		-3.7058		-2.8065		0.3221
3.685		0.9050		-3.7111		-2.8061		0.3241
3.690		0.9109		-3.7166		-2.8057		0.3261
3.695		0.9166		-3.7219		-2.8053		0.3281
3.700		0.9221		-3.7270		-2.8049		0.3299
3.705		0.9269		-3.7315		-2.8046		0.3316
3.710		0.9308		-3.7351		-2.8043		0.3330
3.715		0.9337		-3.7377		-2.8040		0.3339
3.720		0.9354		-3.7391		-2.8037		0.3345
3.725		0.9358		-3.7392		-2.8035		0.3347
3.730		0.9349		-3.7381		-2.8032		0.3344
3.735		0.9328		-3.7358		-2.8030		0.3337
3.740		0.9293		-3.7322		-2.8029		0.3325
3.745		0.9246		-3.7274		-2.8028		0.3309
3.750		0.9185		-3.7213		-2.8028		0.3288
3.755		0.9113		-3.7140		-2.8027		0.3264
3.760		0.9035		-3.7061		-2.8026		0.3237
3.765		0.8956		-3.6980		-2.8025		0.3210
3.770		0.8881		-3.6904		-2.8023		0.3185
3.775		0.8814		-3.6835		-2.8021		0.3162
3.780		0.8754		-3.6774		-2.8020		0.3142
3.785		0.8701		-3.6720		-2.8019		0.3124
3.790		0.8653		-3.6671		-2.8018		0.3107
3.795		0.8610		-3.6626		-2.8017		0.3093
3.800		0.8573		-3.6588		-2.8015		0.3081
3.805		0.8546		-3.6558		-2.8012		0.3072
3.810		0.8528		-3.6538		-2.8010		0.3066
3.815		0.8520		-3.6528		-2.8008		0.3063
3.820		0.8521		-3.6527		-2.8006		0.3064
3.825		0.8528		-3.6532		-2.8004		0.3067
3.830		0.8539		-3.6543		-2.8003		0.3071
3.835		0.8553		-3.6555		-2.8002		0.3076
3.840		0.8567		-3.6568		-2.8001		0.3081
3.845		0.8582		-3.6580		-2.7999		0.3086
3.850		0.8596		-3.6593		-2.7996		0.3092
3.855		0.8612		-3.6605		-2.7993		0.3097
3.860		0.8630		-3.6619		-2.7988		0.3104
3.865		0.8651		-3.6634		-2.7983		0.3111
3.870		0.8676		-3.6653		-2.7977		0.3120
3.875		0.8706		-3.6675		-2.7970		0.3131
3.880		0.8740		-3.6702		-2.7962		0.3143
3.885		0.8778		-3.6732		-2.7954		0.3156
3.890		0.8820		-3.6766		-2.7946		0.3171
3.895		0.8863		-3.6802		-2.7938		0.3186
3.900		0.8907		-3.6837		-2.7931		0.3201
3.905		0.8947		-3.6871		-2.7924		0.3215
3.910		0.8983		-3.6900		-2.7917		0.3227
3.915		0.9010		-3.6921		-2.7911		0.3237
3.920		0.9028		-3.6932		-2.7905		0.3242
3.925		0.9034		-3.6933		-2.7899		0.3245
3.930		0.9031		-3.6923		-2.7892		0.3243
3.935		0.9020		-3.6906		-2.7886		0.3240
3.940		0.9005		-3.6883		-2.7878		0.3234
3.945		0.8988		-3.6859		-2.7871		0.3228
3.950		0.8970		-3.6834		-2.7864		0.3222
3.955		0.8951		-3.6807		-2.7857		0.3216
3.960		0.8926		-3.6776		-2.7850		0.3207
3.965		0.8895		-3.6738		-2.7843		0.3197
3.970		0.8856		-3.6691		-2.7835		0.3183
3.975		0.8811		-3.6638		-2.7827		0.3168
3.980		0.8767		-3.6584		-2.7817		0.3153
3.985		0.8730		-3.6536		-2.7806		0.3141
3.990		0.8709		-3.6502		-2.7794		0.3133
3.995		0.8708		-3.6490		-2.7782		0.3134
4.000		0.8732		-3.6502		-2.7770		0.3142
4.005		0.8781		-3.6539		-2.7759		0.3159
4.010		0.8850		-3.6599		-2.7749		0.3183
4.015		0.8934		-3.6674		-2.7740		0.3213
4.020		0.9026		-3.6760		-2.7733		0.3245
4.025		0.9120		-3.6848		-2.7728		0.3277
4.030		0.9211		-3.6933		-2.7723		0.3309
4.035		0.9294		-3.7012		-2.7718		0.3338
4.040		0.9369		-3.7082		-2.7713		0.3364
4.045		0.9436		-3.7144		-2.7708		0.3387
4.050		0.9497		-3.7199		-2.7702		0.3408
4.055		0.9552		-3.7248		-2.7696		0.3427
4.060		0.9602		-3.7292		-2.7690		0.3445
4.065		0.9648		-3.7332		-2.7684		0.3461
4.070		0.9689		-3.7366		-2.7678		0.3476
4.075		0.9723		-3.7395		-2.7671		0.3488
4.080		0.9750		-3.7416		-2.7665		0.3498
4.085		0.9768		-3.7427		-2.7659		0.3505
4.090		0.9773		-3.7427		-2.7654		0.3507
4.095		0.9766		-3.7415		-2.7649		0.3505
4.100		0.9746		-3.7390		-2.7644		0.3499
4.105		0.9714		-3.7353		-2.7639		0.3489
4.110		0.9671		-3.7306		-2.7634		0.3474
4.115		0.9622		-3.7251		-2.7629		0.3458
4.120		0.9568		-3.7192		-2.7624		0.3440
4.125		0.9515		-3.7134		-2.7619		0.3422
4.130		0.9467		-3.7080		-2.7614		0.3406
4.135		0.9425		-3.7034		-2.7609		0.3392
4.140		0.9390		-3.6995		-2.7605		0.3381
4.145		0.9362		-3.6964		-2.7601		0.3371
4.150		0.9338		-3.6937		-2.7599		0.3363
4.155		0.9312		-3.6910		-2.7597		0.3355
4.160		0.9280		-3.6877		-2.7597		0.3344
4.165		0.9235		-3.6833		-2.7598		0.3329
4.170		0.9174		-3.6773		-2.7599		0.3308
4.175		0.9096		-3.6696		-2.7600		0.3281
4.180		0.9004		-3.6605		-2.7601		0.3249
4.185		0.8906		-3.6507		-2.7601		0.3216
4.190		0.8812		-3.6410		-2.7598		0.3183
4.195		0.8732		-3.6327		-2.7595		0.3156
4.200		0.8678		-3.6268		-2.7591		0.3137
4.205		0.8656		-3.6241		-2.7586		0.3129
4.210		0.8669		-3.6250		-2.7581		0.3134
4.215		0.8716		-3.6293		-2.7577		0.3150
4.220		0.8790		-3.6364		-2.7574		0.3175
4.225		0.8882		-3.6455		-2.7573		0.3206
4.230		0.8982		-3.6555		-2.7573		0.3240
4.235		0.9081		-3.6655		-2.7574		0.3274
4.240		0.9171		-3.6747		-2.7576		0.3304
4.245		0.9248		-3.6826		-2.7578		0.3330
4.250		0.9309		-3.6889		-2.7580		0.3351
4.255		0.9355		-3.6936		-2.7582		0.3366
4.260		0.9387		-3.6970		-2.7583		0.3376
4.265		0.9410		-3.6994		-2.7584		0.3383
4.270		0.9428		-3.7012		-2.7585		0.3389
4.275		0.9444		-3.7029		-2.7585		0.3393
4.280		0.9460		-3.7046		-2.7586		0.3398
4.285		0.9478		-3.7064		-2.7586		0.3404
4.290		0.9498		-3.7084		-2.7586		0.3410
4.295		0.9519		-3.7104		-2.7585		0.3417
4.300		0.9541		-3.7126		-2.7585		0.3424
4.305		0.9562		-3.7146		-2.7584		0.3431
4.310		0.9579		-3.7162		-2.7583		0.3436
4.315		0.9590		-3.7172		-2.7581		0.3440
4.320		0.9592		-3.7172		-2.7580		0.3440
4.325		0.9583		-3.7160		-2.7577		0.3436
4.330		0.9563		-3.7137		-2.7574		0.3429
4.335		0.9534		-3.7103		-2.7569		0.3419
4.340		0.9498		-3.7062		-2.7564		0.3406
4.345		0.9460		-3.7017		-2.7557		0.3393
4.350		0.9423		-3.6973		-2.7550		0.3380
4.355		0.9388		-3.6931		-2.7543		0.3368
4.360		0.9358		-3.6893		-2.7535		0.3357
4.365		0.9332		-3.6859		-2.7527		0.3348
4.370		0.9309		-3.6829		-2.7520		0.3340
4.375		0.9287		-3.6800		-2.7513		0.3333
4.380		0.9267		-3.6773		-2.7505		0.3325
4.385		0.9249		-3.6746		-2.7498		0.3319
4.390		0.9233		-3.6723		-2.7490		0.3313
4.395		0.9222		-3.6704		-2.7482		0.3309
4.400		0.9218		-3.6692		-2.7473		0.3307
4.405		0.9225		-3.6690		-2.7464		0.3309
4.410		0.9244		-3.6699		-2.7456		0.3315
4.415		0.9274		-3.6721		-2.7447		0.3326
4.420		0.9315		-3.6753		-2.7438		0.3339
4.425		0.9364		-3.6794		-2.7431		0.3356
4.430		0.9419		-3.6842		-2.7423		0.3375
4.435		0.9477		-3.6893		-2.7416		0.3394
4.440		0.9535		-3.6945		-2.7409		0.3414
4.445		0.9592		-3.6995		-2.7403		0.3433
4.450		0.9645		-3.7041		-2.7397		0.3451
4.455		0.9694		-3.7084		-2.7390		0.3468
4.460		0.9739		-3.7123		-2.7384		0.3484
4.465		0.9781		-3.7158		-2.7377		0.3498
4.470		0.9820		-3.7190		-2.7370		0.3512
4.475		0.9857		-3.7221		-2.7364		0.3525
4.480		0.9893		-3.7250		-2.7357		0.3537
4.485		0.9926		-3.7277		-2.7351		0.3549
4.490		0.9957		-3.7303		-2.7345		0.3560
4.495		0.9984		-3.7324		-2.7341		0.3569
4.500		1.0002		-3.7339		-2.7337		0.3576
4.505		1.0009		-3.7344		-2.7335		0.3579
4.510		1.0002		-3.7335		-2.7333		0.3577
4.515		0.9979		-3.7311		-2.7332		0.3570
4.520		0.9942		-3.7273		-2.7331		0.3558
4.525		0.9895		-3.7224		-2.7329		0.3543
4.530		0.9846		-3.7172		-2.7327		0.3526
4.535		0.9802		-3.7125		-2.7323		0.3512
4.540		0.9770		-3.7090		-2.7320		0.3502
4.545		0.9750		-3.7067		-2.7317		0.3496
4.550		0.9737		-3.7053		-2.7316		0.3493
4.555		0.9723		-3.7039		-2.7316		0.3489
4.560		0.9699		-3.7015		-2.7317		0.3482
4.565		0.9660		-3.6977		-2.7317		0.3469
4.570		0.9602		-3.6920		-2.7318		0.3451
4.575		0.9527		-3.6845		-2.7318		0.3426
4.580		0.9435		-3.6753		-2.7318		0.3395
4.585		0.9334		-3.6650		-2.7316		0.3361
4.590		0.9228		-3.6542		-2.7314		0.3326
4.595		0.9127		-3.6437		-2.7311		0.3292
4.600		0.9040		-3.6345		-2.7306		0.3263
4.605		0.8976		-3.6276		-2.7300		0.3242
4.610		0.8945		-3.6239		-2.7294		0.3232
4.615		0.8950		-3.6237		-2.7287		0.3234
4.620		0.8992		-3.6274		-2.7282		0.3250
4.625		0.9069		-3.6345		-2.7277		0.3277
4.630		0.9172		-3.6446		-2.7273		0.3313
4.635		0.9295		-3.6566		-2.7271		0.3356
4.640		0.9428		-3.6697		-2.7269		0.3402
4.645		0.9561		-3.6830		-2.7269		0.3448
4.650		0.9688		-3.6957		-2.7269		0.3491
4.655		0.9801		-3.7070		-2.7269		0.3531
4.660		0.9897		-3.7167		-2.7270		0.3564
4.665		0.9974		-3.7244		-2.7270		0.3591
4.670		1.0031		-3.7301		-2.7270		0.3610
4.675		1.0069		-3.7339		-2.7270		0.3624
4.680		1.0089		-3.7359		-2.7270		0.3631
4.685		1.0095		-3.7364		-2.7269		0.3633
4.690		1.0088		-3.7356		-2.7268		0.3631
4.695		1.0074		-3.7341		-2.7267		0.3626
4.700		1.0054		-3.7320		-2.7266		0.3620
4.705		1.0031		-3.7296		-2.7265		0.3613
4.710		1.0004		-3.7268		-2.7265		0.3604
4.715		0.9969		-3.7234		-2.7265		0.3592
4.720		0.9924		-3.7190		-2.7266		0.3577
4.725		0.9868		-3.7133		-2.7266		0.3558
4.730		0.9802		-3.7067		-2.7265		0.3536
4.735		0.9735		-3.6996		-2.7261		0.3514
4.740		0.9676		-3.6932		-2.7256		0.3494
4.745		0.9636		-3.6884		-2.7248		0.3480
4.750		0.9623		-3.6863		-2.7240		0.3476
4.755		0.9642		-3.6873		-2.7231		0.3483
4.760		0.9690		-3.6912		-2.7222		0.3500
4.765		0.9757		-3.6973		-2.7216		0.3523
4.770		0.9834		-3.7046		-2.7211		0.3550
4.775		0.9910		-3.7118		-2.7208		0.3576
4.780		0.9975		-3.7182		-2.7206		0.3598
4.785		1.0023		-3.7228		-2.7205		0.3614
4.790		1.0051		-3.7255		-2.7204		0.3623
4.795		1.0059		-3.7262		-2.7202		0.3625
4.800		1.0055		-3.7254		-2.7199		0.3623
4.805		1.0046		-3.7241		-2.7195		0.3620
4.810		1.0042		-3.7231		-2.7189		0.3618
4.815		1.0048		-3.7231		-2.7183		0.3620
4.820		1.0068		-3.7246		-2.7178		0.3626
4.825		1.0098		-3.7272		-2.7174		0.3636
4.830		1.0130		-3.7303		-2.7172		0.3647
4.835		1.0153		-3.7326		-2.7173		0.3655
4.840		1.0159		-3.7334		-2.7175		0.3656
4.845		1.0142		-3.7319		-2.7178		0.3650
4.850		1.0105		-3.7284		-2.7179		0.3637
4.855		1.0057		-3.7237		-2.7180		0.3620
4.860		1.0008		-3.7188		-2.7180		0.3603
4.865		0.9969		-3.7147		-2.7178		0.3589
4.870		0.9941		-3.7119		-2.7177		0.3580
4.875		0.9925		-3.7101		-2.7176		0.3574
4.880		0.9918		-3.7092		-2.7174		0.3571
4.885		0.9921		-3.7091		-2.7170		0.3572
4.890		0.9936		-3.7101		-2.7166		0.3577
4.895		0.9967		-3.7127		-2.7160		0.3588
4.900		1.0017		-3.7171		-2.7154		0.3605
4.905		1.0080		-3.7229		-2.7149		0.3627
4.910		1.0146		-3.7292		-2.7146		0.3650
4.915		1.0203		-3.7348		-2.7144		0.3669
4.920		1.0240		-3.7383		-2.7143		0.3682
4.925		1.0247		-3.7390		-2.7143		0.3684
4.930		1.0223		-3.7365		-2.7142		0.3676
4.935		1.0167		-3.7309		-2.7141		0.3657
4.940		1.0083		-3.7223		-2.7140		0.3628
4.945		0.9975		-3.7113		-2.7137		0.3591
4.950		0.9852		-3.6986		-2.7134		0.3548
4.955		0.9721		-3.6850		-2.7129		0.3503
4.960		0.9591		-3.6715		-2.7124		0.3458
4.965		0.9472		-3.6589		-2.7118		0.3417
4.970		0.9371		-3.6482		-2.7112		0.3382
4.975		0.9296		-3.6401		-2.7105		0.3357
4.980		0.9252		-3.6351		-2.7099		0.3341
4.985		0.9243		-3.6335		-2.7093		0.3338
4.990		0.9268		-3.6356		-2.7087		0.3347
4.995		0.9328		-3.6411		-2.7083		0.3367
5.000		0.9419		-3.6498		-2.7079		0.3398
5.005		0.9533		-3.6611		-2.7078		0.3437
5.010		0.9661		-3.6739		-2.7078		0.3481
5.015		0.9789		-3.6869		-2.7080		0.3524
5.020		0.9903		-3.6986		-2.7083		0.3563
5.025		0.9991		-3.7077		-2.7086		0.3593
5.030		1.0046		-3.7136		-2.7090		0.3611
5.035		1.0066		-3.7159		-2.7093		0.3617
5.040		1.0054		-3.7148		-2.7094		0.3612
5.045		1.0012		-3.7107		-2.7094		0.3598
5.050		0.9949		-3.7042		-2.7094		0.3575
5.055		0.9868		-3.6960		-2.7092		0.3547
5.060		0.9778		-3.6867		-2.7089		0.3516
5.065		0.9683		-3.6768		-2.7085		0.3483
5.070		0.9590		-3.6670		-2.7081		0.3450
5.075		0.9506		-3.6581		-2.7075		0.3421
5.080		0.9441		-3.6508		-2.7067		0.3398
5.085		0.9402		-3.6461		-2.7059		0.3385
5.090		0.9396		-3.6445		-2.7049		0.3382
5.095		0.9425		-3.6465		-2.7040		0.3392
5.100		0.9486		-3.6518		-2.7032		0.3413
5.105		0.9572		-3.6597		-2.7025		0.3443
5.110		0.9673		-3.6693		-2.7020		0.3477
5.115		0.9776		-3.6792		-2.7016		0.3512
5.120		0.9869		-3.6883		-2.7014		0.3544
5.125		0.9943		-3.6957		-2.7014		0.3569
5.130		0.9993		-3.7006		-2.7013		0.3586
5.135		1.0016		-3.7029		-2.7013		0.3593
5.140		1.0017		-3.7028		-2.7011		0.3593
5.145		1.0001		-3.7010		-2.7009		0.3588
5.150		0.9979		-3.6983		-2.7005		0.3579
5.155		0.9958		-3.6958		-2.7000		0.3572
5.160		0.9947		-3.6941		-2.6994		0.3568
5.165		0.9950		-3.6939		-2.6989		0.3569
5.170		0.9966		-3.6950		-2.6983		0.3575
5.175		0.9993		-3.6972		-2.6979		0.3584
5.180		1.0024		-3.6999		-2.6975		0.3595
5.185		1.0052		-3.7024		-2.6972		0.3605
5.190		1.0073		-3.7042		-2.6969		0.3612
5.195		1.0084		-3.7049		-2.6965		0.3616
5.200		1.0083		-3.7044		-2.6961		0.3615
5.205		1.0072		-3.7028		-2.6957		0.3611
5.210		1.0055		-3.7005		-2.6951		0.3606
5.215		1.0037		-3.6981		-2.6943		0.3600
5.220		1.0024		-3.6960		-2.6935		0.3595
5.225		1.0022		-3.6948		-2.6926		0.3595
5.230		1.0035		-3.6952		-2.6916		0.3599
5.235		1.0066		-3.6972		-2.6907		0.3610
5.240		1.0114		-3.7011		-2.6897		0.3626
5.245		1.0177		-3.7066		-2.6888		0.3648
5.250		1.0251		-3.7132		-2.6881		0.3674
5.255		1.0329		-3.7204		-2.6875		0.3701
5.260		1.0405		-3.7275		-2.6870		0.3727
5.265		1.0471		-3.7338		-2.6867		0.3750
5.270		1.0521		-3.7386		-2.6865		0.3767
5.275		1.0551		-3.7415		-2.6864		0.3778
5.280		1.0556		-3.7420		-2.6864		0.3780
5.285		1.0535		-3.7399		-2.6864		0.3773
5.290		1.0488		-3.7353		-2.6865		0.3757
5.295		1.0414		-3.7281		-2.6866		0.3732
5.300		1.0318		-3.7185		-2.6867		0.3699
5.305		1.0202		-3.7069		-2.6867		0.3660
5.310		1.0073		-3.6939		-2.6866		0.3616
5.315		0.9942		-3.6805		-2.6863		0.3571
5.320		0.9818		-3.6677		-2.6858		0.3529
5.325		0.9715		-3.6567		-2.6852		0.3495
5.330		0.9640		-3.6485		-2.6844		0.3469
5.335		0.9598		-3.6435		-2.6837		0.3456
5.340		0.9587		-3.6418		-2.6830		0.3453
5.345		0.9603		-3.6428		-2.6825		0.3459
5.350		0.9638		-3.6459		-2.6820		0.3472
5.355		0.9684		-3.6501		-2.6817		0.3488
5.360		0.9731		-3.6546		-2.6815		0.3505
5.365		0.9774		-3.6588		-2.6814		0.3520
5.370		0.9806		-3.6619		-2.6813		0.3532
5.375		0.9823		-3.6637		-2.6813		0.3538
5.380		0.9825		-3.6638		-2.6813		0.3540
5.385		0.9812		-3.6625		-2.6812		0.3536
5.390		0.9788		-3.6599		-2.6811		0.3528
5.395		0.9756		-3.6565		-2.6809		0.3517
5.400		0.9722		-3.6528		-2.6806		0.3506
5.405		0.9691		-3.6494		-2.6803		0.3496
5.410		0.9667		-3.6465		-2.6799		0.3488
5.415		0.9653		-3.6447		-2.6794		0.3484
5.420		0.9651		-3.6440		-2.6789		0.3484
5.425		0.9662		-3.6446		-2.6784		0.3488
5.430		0.9685		-3.6464		-2.6779		0.3496
5.435		0.9718		-3.6493		-2.6775		0.3508
5.440		0.9760		-3.6530		-2.6770		0.3523
5.445		0.9807		-3.6573		-2.6766		0.3539
5.450		0.9857		-3.6620		-2.6762		0.3557
5.455		0.9908		-3.6667		-2.6759		0.3575
5.460		0.9955		-3.6712		-2.6757		0.3591
5.465		0.9997		-3.6753		-2.6756		0.3606
5.470		1.0031		-3.6785		-2.6755		0.3617
5.475		1.0054		-3.6808		-2.6754		0.3625
5.480		1.0066		-3.6820		-2.6754		0.3629
5.485		1.0069		-3.6823		-2.6754		0.3630
5.490		1.0066		-3.6820		-2.6753		0.3629
5.495		1.0062		-3.6814		-2.6752		0.3627
5.500		1.0059		-3.6811		-2.6751		0.3626
5.505		1.0062		-3.6812		-2.6750		0.3627
5.510		1.0071		-3.6821		-2.6749		0.3630
5.515		1.0088		-3.6836		-2.6748		0.3635
5.520		1.0112		-3.6860		-2.6747		0.3643
5.525		1.0146		-3.6892		-2.6746		0.3655
5.530		1.0191		-3.6935		-2.6744		0.3670
5.535		1.0252		-3.6993		-2.6741		0.3690
5.540		1.0328		-3.7066		-2.6739		0.3716
5.545		1.0417		-3.7154		-2.6737		0.3747
5.550		1.0515		-3.7250		-2.6735		0.3780
5.555		1.0613		-3.7348		-2.6735		0.3813
5.560		1.0705		-3.7439		-2.6735		0.3844
5.565		1.0785		-3.7519		-2.6735		0.3872
5.570		1.0850		-3.7584		-2.6735		0.3894
5.575		1.0899		-3.7633		-2.6734		0.3910
5.580		1.0933		-3.7666		-2.6733		0.3921
5.585		1.0951		-3.7683		-2.6732		0.3927
5.590		1.0954		-3.7685		-2.6731		0.3928
5.595		1.0943		-3.7672		-2.6730		0.3924
5.600		1.0919		-3.7647		-2.6728		0.3915
5.605		1.0882		-3.7609		-2.6727		0.3902
5.610		1.0833		-3.7558		-2.6726		0.3885
5.615		1.0771		-3.7495		-2.6725		0.3863
5.620		1.0696		-3.7420		-2.6724		0.3837
5.625		1.0611		-3.7333		-2.6722		0.3808
5.630		1.0519		-3.7239		-2.6720		0.3776
5.635		1.0425		-3.7143		-2.6717		0.3744
5.640		1.0337		-3.7050		-2.6713		0.3713
5.645		1.0259		-3.6967		-2.6709		0.3686
5.650		1.0197		-3.6900		-2.6703		0.3665
5.655		1.0154		-3.6852		-2.6698		0.3650
5.660		1.0132		-3.6824		-2.6692		0.3642
5.665		1.0129		-3.6816		-2.6687		0.3641
5.670		1.0141		-3.6824		-2.6682		0.3646
5.675		1.0164		-3.6843		-2.6679		0.3653
5.680		1.0190		-3.6867		-2.6676		0.3663
5.685		1.0215		-3.6890		-2.6675		0.3671
5.690		1.0232		-3.6906		-2.6674		0.3677
5.695		1.0237		-3.6912		-2.6674		0.3678
5.700		1.0229		-3.6904		-2.6675		0.3675
5.705		1.0208		-3.6883		-2.6675		0.3667
5.710		1.0178		-3.6852		-2.6675		0.3657
5.715		1.0143		-3.6817		-2.6674		0.3644
5.720		1.0111		-3.6784		-2.6673		0.3633
5.725		1.0085		-3.6757		-2.6672		0.3624
5.730		1.0069		-3.6740		-2.6671		0.3618
5.735		1.0059		-3.6730		-2.6671		0.3614
5.740		1.0050		-3.6723		-2.6672		0.3611
5.745		1.0037		-3.6711		-2.6674		0.3606
5.750		1.0014		-3.6690		-2.6676		0.3598
5.755		0.9980		-3.6658		-2.6678		0.3586
5.760		0.9936		-3.6614		-2.6679		0.3570
5.765		0.9883		-3.6562		-2.6679		0.3552
5.770		0.9828		-3.6507		-2.6678		0.3532
5.775		0.9778		-3.6455		-2.6677		0.3515
5.780		0.9739		-3.6413		-2.6674		0.3501
5.785		0.9720		-3.6391		-2.6671		0.3494
5.790		0.9726		-3.6394		-2.6667		0.3496
5.795		0.9757		-3.6422		-2.6665		0.3506
5.800		0.9803		-3.6468		-2.6665		0.3522
5.805		0.9853		-3.6519		-2.6666		0.3539
5.810		0.9891		-3.6561		-2.6670		0.3552
5.815		0.9908		-3.6582		-2.6674		0.3557
5.820		0.9901		-3.6579		-2.6678		0.3554
5.825		0.9872		-3.6553		-2.6681		0.3544
5.830		0.9829		-3.6512		-2.6683		0.3529
5.835		0.9780		-3.6465		-2.6684		0.3512
5.840		0.9730		-3.6416		-2.6686		0.3494
5.845		0.9680		-3.6368		-2.6687		0.3477
5.850		0.9630		-3.6320		-2.6689		0.3460
5.855		0.9579		-3.6270		-2.6691		0.3442
5.860		0.9527		-3.6220		-2.6692		0.3424
5.865		0.9477		-3.6170		-2.6693		0.3406
5.870		0.9432		-3.6125		-2.6693		0.3390
5.875		0.9395		-3.6088		-2.6693		0.3377
5.880		0.9371		-3.6063		-2.6692		0.3368
5.885		0.9362		-3.6052		-2.6691		0.3365
5.890		0.9369		-3.6058		-2.6689		0.3367
5.895		0.9391		-3.6080		-2.6688		0.3374
5.900		0.9426		-3.6114		-2.6688		0.3386
5.905		0.9466		-3.6156		-2.6689		0.3399
5.910		0.9507		-3.6198		-2.6691		0.3413
5.915		0.9543		-3.6236		-2.6693		0.3424
5.920		0.9572		-3.6266		-2.6694		0.3434
5.925		0.9592		-3.6287		-2.6695		0.3440
5.930		0.9607		-3.6302		-2.6695		0.3445
5.935		0.9621		-3.6315		-2.6694		0.3449
5.940		0.9639		-3.6330		-2.6692		0.3454
5.945		0.9661		-3.6351		-2.6689		0.3462
5.950		0.9690		-3.6377		-2.6687		0.3471
5.955		0.9724		-3.6409		-2.6684		0.3482
5.960		0.9762		-3.6444		-2.6682		0.3495
5.965		0.9800		-3.6480		-2.6680		0.3508
5.970		0.9839		-3.6517		-2.6677		0.3521
5.975		0.9877		-3.6553		-2.6675		0.3533
5.980		0.9913		-3.6586		-2.6674		0.3545
5.985		0.9943		-3.6616		-2.6672		0.3555
5.990		0.9965		-3.6637		-2.6672		0.3562
5.995		0.9974		-3.6646		-2.6672		0.3565
6.000		0.9967		-3.6640		-2.6673		0.3563
6.005		0.9944		-3.6617		-2.6673		0.3554
6.010		0.9908		-3.6580		-2.6672		0.3542
6.015		0.9863		-3.6534		-2.6670		0.3526
6.020		0.9816		-3.6484		-2.6668		0.3510
6.025		0.9773		-3.6437		-2.6665		0.3495
6.030		0.9736		-3.6397		-2.6661		0.3482
6.035		0.9708		-3.6365		-2.6657		0.3472
6.040		0.9688		-3.6341		-2.6653		0.3466
6.045		0.9675		-3.6325		-2.6650		0.3461
6.050		0.9669		-3.6315		-2.6646		0.3459
6.055		0.9666		-3.6308		-2.6643		0.3458
6.060		0.9665		-3.6305		-2.6639		0.3458
6.065		0.9665		-3.6301		-2.6636		0.3458
6.070		0.9662		-3.6296		-2.6634		0.3458
6.075		0.9655		-3.6287		-2.6632		0.3455
6.080		0.9642		-3.6271		-2.6629		0.3451
6.085		0.9622		-3.6249		-2.6627		0.3444
6.090		0.9597		-3.6221		-2.6624		0.3436
6.095		0.9571		-3.6191		-2.6620		0.3427
6.100		0.9551		-3.6166		-2.6615		0.3421
6.105		0.9543		-3.6152		-2.6609		0.3419
6.110		0.9554		-3.6156		-2.6602		0.3423
6.115		0.9584		-3.6181		-2.6597		0.3434
6.120		0.9629		-3.6222		-2.6592		0.3450
6.125		0.9679		-3.6269		-2.6590		0.3468
6.130		0.9720		-3.6310		-2.6590		0.3483
6.135		0.9744		-3.6334		-2.6590		0.3491
6.140		0.9745		-3.6335		-2.6590		0.3492
6.145		0.9724		-3.6313		-2.6589		0.3485
6.150		0.9685		-3.6272		-2.6586		0.3473
6.155		0.9638		-3.6220		-2.6582		0.3457
6.160		0.9590		-3.6168		-2.6578		0.3441
6.165		0.9548		-3.6120		-2.6572		0.3427
6.170		0.9516		-3.6083		-2.6567		0.3417
6.175		0.9494		-3.6055		-2.6562		0.3410
6.180		0.9478		-3.6035		-2.6557		0.3406
6.185		0.9466		-3.6019		-2.6553		0.3402
6.190		0.9453		-3.6003		-2.6550		0.3398
6.195		0.9438		-3.5984		-2.6546		0.3394
6.200		0.9421		-3.5964		-2.6543		0.3388
6.205		0.9403		-3.5942		-2.6539		0.3383
6.210		0.9388		-3.5924		-2.6535		0.3378
6.215		0.9380		-3.5912		-2.6532		0.3376
6.220		0.9381		-3.5909		-2.6528		0.3377
6.225		0.9392		-3.5917		-2.6526		0.3381
6.230		0.9411		-3.5935		-2.6524		0.3388
6.235		0.9434		-3.5957		-2.6523		0.3397
6.240		0.9458		-3.5981		-2.6523		0.3405
6.245		0.9479		-3.6002		-2.6523		0.3413
6.250		0.9492		-3.6016		-2.6524		0.3417
6.255		0.9498		-3.6022		-2.6524		0.3420
6.260		0.9497		-3.6021		-2.6524		0.3419
6.265		0.9491		-3.6015		-2.6524		0.3417
6.270		0.9484		-3.6006		-2.6522		0.3415
6.275		0.9482		-3.6002		-2.6520		0.3413
6.280		0.9489		-3.6006		-2.6517		0.3416
6.285		0.9511		-3.6024		-2.6513		0.3423
6.290		0.9551		-3.6061		-2.6510		0.3436
6.295		0.9611		-3.6117		-2.6506		0.3457
6.300		0.9690		-3.6193		-2.6503		0.3483
6.305		0.9782		-3.6283		-2.6501		0.3515
6.310		0.9882		-3.6382		-2.6500		0.3548
6.315		0.9980		-3.6481		-2.6500		0.3582
6.320		1.0069		-3.6571		-2.6502		0.3612
6.325		1.0142		-3.6646		-2.6504		0.3636
6.330		1.0193		-3.6699		-2.6506		0.3653
6.335		1.0219		-3.6727		-2.6508		0.3662
6.340		1.0222		-3.6730		-2.6509		0.3662
6.345		1.0203		-3.6712		-2.6509		0.3655
6.350		1.0167		-3.6675		-2.6508		0.3642
6.355		1.0121		-3.6627		-2.6506		0.3626
6.360		1.0070		-3.6573		-2.6502		0.3608
6.365		1.0019		-3.6518		-2.6499		0.3591
6.370		0.9972		-3.6466		-2.6494		0.3574
6.375		0.9929		-3.6419		-2.6490		0.3560
6.380		0.9890		-3.6377		-2.6487		0.3546
6.385		0.9855		-3.6339		-2.6484		0.3534
6.390		0.9820		-3.6301		-2.6481		0.3522
6.395		0.9786		-3.6265		-2.6479		0.3510
6.400		0.9753		-3.6230		-2.6476		0.3499
6.405		0.9726		-3.6199		-2.6473		0.3490
6.410		0.9708		-3.6177		-2.6469		0.3484
6.415		0.9706		-3.6171		-2.6465		0.3483
6.420		0.9723		-3.6185		-2.6461		0.3489
6.425		0.9760		-3.6218		-2.6458		0.3502
6.430		0.9814		-3.6269		-2.6455		0.3521
6.435		0.9880		-3.6334		-2.6453		0.3544
6.440		0.9952		-3.6404		-2.6452		0.3569
6.445		1.0026		-3.6477		-2.6451		0.3594
6.450		1.0098		-3.6549		-2.6450		0.3619
6.455		1.0168		-3.6617		-2.6449		0.3643
6.460		1.0234		-3.6682		-2.6448		0.3666
6.465		1.0297		-3.6744		-2.6447		0.3688
6.470		1.0356		-3.6802		-2.6446		0.3709
6.475		1.0409		-3.6854		-2.6445		0.3728
6.480		1.0453		-3.6897		-2.6444		0.3743
6.485		1.0486		-3.6929		-2.6443		0.3755
6.490		1.0506		-3.6948		-2.6442		0.3763
6.495		1.0516		-3.6956		-2.6440		0.3767
6.500		1.0519		-3.6956		-2.6437		0.3769
6.505		1.0521		-3.6952		-2.6432		0.3770
6.510		1.0526		-3.6951		-2.6426		0.3773
6.515		1.0538		-3.6957		-2.6419		0.3778
6.520		1.0558		-3.6970		-2.6412		0.3787
6.525		1.0585		-3.6990		-2.6405		0.3797
6.530		1.0614		-3.7013		-2.6398		0.3809
6.535		1.0641		-3.7033		-2.6392		0.3819
6.540		1.0661		-3.7048		-2.6387		0.3828
6.545		1.0670		-3.7052		-2.6382		0.3832
6.550		1.0668		-3.7045		-2.6377		0.3833
6.555		1.0656		-3.7028		-2.6372		0.3830
6.560		1.0638		-3.7003		-2.6366		0.3825
6.565		1.0619		-3.6978		-2.6359		0.3821
6.570		1.0607		-3.6960		-2.6352		0.3818
6.575		1.0605		-3.6951		-2.6346		0.3818
6.580		1.0615		-3.6955		-2.6340		0.3823
6.585		1.0635		-3.6971		-2.6335		0.3831
6.590		1.0662		-3.6994		-2.6332		0.3842
6.595		1.0693		-3.7022		-2.6329		0.3853
6.600		1.0724		-3.7050		-2.6326		0.3865
6.605		1.0755		-3.7079		-2.6324		0.3877
6.610		1.0787		-3.7108		-2.6321		0.3888
6.615		1.0820		-3.7138		-2.6319		0.3900
6.620		1.0856		-3.7172		-2.6316		0.3914
6.625		1.0896		-3.7210		-2.6314		0.3928
6.630		1.0938		-3.7250		-2.6312		0.3943
6.635		1.0978		-3.7289		-2.6311		0.3958
6.640		1.1013		-3.7324		-2.6311		0.3971
6.645		1.1041		-3.7352		-2.6311		0.3982
6.650		1.1061		-3.7372		-2.6311		0.3989
6.655		1.1073		-3.7385		-2.6312		0.3994
6.660		1.1079		-3.7391		-2.6312		0.3997
6.665		1.1078		-3.7391		-2.6312		0.3998
6.670		1.1072		-3.7386		-2.6313		0.3997
6.675		1.1061		-3.7375		-2.6314		0.3994
6.680		1.1043		-3.7358		-2.6315		0.3989
6.685		1.1019		-3.7334		-2.6315		0.3982
6.690		1.0990		-3.7305		-2.6316		0.3972
6.695		1.0957		-3.7272		-2.6315		0.3962
6.700		1.0923		-3.7237		-2.6314		0.3952
6.705		1.0893		-3.7204		-2.6311		0.3943
6.710		1.0870		-3.7178		-2.6308		0.3936
6.715		1.0857		-3.7161		-2.6304		0.3932
6.720		1.0856		-3.7155		-2.6299		0.3933
6.725		1.0867		-3.7161		-2.6294		0.3938
6.730		1.0892		-3.7180		-2.6288		0.3948
6.735		1.0932		-3.7214		-2.6281		0.3962
6.740		1.0988		-3.7263		-2.6274		0.3983
6.745		1.1061		-3.7329		-2.6267		0.4009
6.750		1.1149		-3.7410		-2.6261		0.4040
6.755		1.1248		-3.7503		-2.6255		0.4075
6.760		1.1347		-3.7599		-2.6252		0.4111
6.765		1.1438		-3.7688		-2.6249		0.4143
6.770		1.1510		-3.7759		-2.6249		0.4169
6.775		1.1555		-3.7804		-2.6249		0.4185
6.780		1.1568		-3.7817		-2.6249		0.4190
6.785		1.1546		-3.7796		-2.6250		0.4184
6.790		1.1490		-3.7740		-2.6250		0.4165
6.795		1.1404		-3.7654		-2.6250		0.4137
6.800		1.1295		-3.7544		-2.6249		0.4100
6.805		1.1174		-3.7421		-2.6246		0.4059
6.810		1.1056		-3.7298		-2.6242		0.4019
6.815		1.0952		-3.7189		-2.6237		0.3984
6.820		1.0875		-3.7106		-2.6231		0.3958
6.825		1.0829		-3.7055		-2.6226		0.3943
6.830		1.0810		-3.7032		-2.6222		0.3937
6.835		1.0812		-3.7032		-2.6220		0.3938
6.840		1.0826		-3.7044		-2.6218		0.3943
6.845		1.0847		-3.7063		-2.6216		0.3950
6.850		1.0872		-3.7086		-2.6214		0.3959
6.855		1.0904		-3.7114		-2.6209		0.3970
6.860		1.0946		-3.7150		-2.6204		0.3984
6.865		1.1000		-3.7198		-2.6198		0.4003
6.870		1.1067		-3.7258		-2.6191		0.4025
6.875		1.1146		-3.7330		-2.6184		0.4052
6.880		1.1235		-3.7411		-2.6176		0.4083
6.885		1.1333		-3.7501		-2.6168		0.4116
6.890		1.1436		-3.7595		-2.6159		0.4151
6.895		1.1542		-3.7692		-2.6150		0.4187
6.900		1.1650		-3.7790		-2.6141		0.4224
6.905		1.1754		-3.7886		-2.6132		0.4260
6.910		1.1852		-3.7975		-2.6123		0.4293
6.915		1.1939		-3.8053		-2.6114		0.4323
6.920		1.2009		-3.8116		-2.6106		0.4347
6.925		1.2060		-3.8158		-2.6098		0.4364
6.930		1.2087		-3.8177		-2.6090		0.4374
6.935		1.2093		-3.8173		-2.6080		0.4376
6.940		1.2079		-3.8149		-2.6070		0.4371
6.945		1.2052		-3.8110		-2.6058		0.4362
6.950		1.2017		-3.8062		-2.6044		0.4351
6.955		1.1982		-3.8012		-2.6030		0.4339
6.960		1.1953		-3.7967		-2.6014		0.4330
6.965		1.1933		-3.7931		-2.5998		0.4323
6.970		1.1921		-3.7904		-2.5983		0.4320
6.975		1.1918		-3.7886		-2.5968		0.4319
6.980		1.1918		-3.7872		-2.5954		0.4320
6.985		1.1917		-3.7858		-2.5941		0.4320
6.990		1.1909		-3.7839		-2.5930		0.4318
6.995		1.1889		-3.7811		-2.5921		0.4312
7.000		1.1856		-3.7769		-2.5913		0.4301
7.005		1.1814		-3.7718		-2.5904		0.4286
7.010		1.1771		-3.7665		-2.5895		0.4272
7.015		1.1743		-3.7627		-2.5884		0.4262
7.020		1.1743		-3.7617		-2.5874		0.4262
7.025		1.1770		-3.7638		-2.5867		0.4272
7.030		1.1813		-3.7678		-2.5864		0.4287
7.035		1.1851		-3.7716		-2.5865		0.4301
7.040		1.1864		-3.7730		-2.5867		0.4305
7.045		1.1838		-3.7708		-2.5869		0.4297
7.050		1.1771		-3.7643		-2.5871		0.4274
7.055		1.1668		-3.7539		-2.5872		0.4238
7.060		1.1539		-3.7408		-2.5869		0.4194
7.065		1.1401		-3.7265		-2.5865		0.4146
7.070		1.1272		-3.7129		-2.5857		0.4102
7.075		1.1173		-3.7020		-2.5847		0.4068
7.080		1.1118		-3.6954		-2.5835		0.4050
7.085		1.1115		-3.6938		-2.5823		0.4049
7.090		1.1162		-3.6973		-2.5812		0.4065
7.095		1.1250		-3.7051		-2.5801		0.4096
7.100		1.1365		-3.7156		-2.5791		0.4136
7.105		1.1493		-3.7275		-2.5781		0.4180
7.110		1.1620		-3.7392		-2.5772		0.4224
7.115		1.1734		-3.7496		-2.5762		0.4263
7.120		1.1827		-3.7578		-2.5751		0.4296
7.125		1.1895		-3.7634		-2.5739		0.4319
7.130		1.1936		-3.7663		-2.5727		0.4333
7.135		1.1950		-3.7664		-2.5713		0.4338
7.140		1.1940		-3.7639		-2.5700		0.4334
7.145		1.1906		-3.7592		-2.5686		0.4323
7.150		1.1849		-3.7522		-2.5673		0.4303
7.155		1.1772		-3.7433		-2.5660		0.4277
7.160		1.1674		-3.7323		-2.5649		0.4243
7.165		1.1557		-3.7195		-2.5638		0.4202
7.170		1.1424		-3.7052		-2.5627		0.4156
7.175		1.1283		-3.6900		-2.5617		0.4107
7.180		1.1143		-3.6748		-2.5605		0.4059
7.185		1.1018		-3.6610		-2.5592		0.4015
7.190		1.0921		-3.6500		-2.5579		0.3981
7.195		1.0866		-3.6430		-2.5564		0.3962
7.200		1.0864		-3.6413		-2.5549		0.3961
7.205		1.0916		-3.6451		-2.5535		0.3978
7.210		1.1018		-3.6540		-2.5522		0.4013
7.215		1.1158		-3.6669		-2.5511		0.4060
7.220		1.1323		-3.6823		-2.5500		0.4116
7.225		1.1499		-3.6990		-2.5490		0.4177
7.230		1.1681		-3.7161		-2.5480		0.4239
7.235		1.1861		-3.7330		-2.5469		0.4300
7.240		1.2037		-3.7495		-2.5458		0.4360
7.245		1.2201		-3.7649		-2.5448		0.4416
7.250		1.2347		-3.7786		-2.5439		0.4467
7.255		1.2466		-3.7897		-2.5431		0.4507
7.260		1.2548		-3.7973		-2.5424		0.4536
7.265		1.2588		-3.8007		-2.5419		0.4549
7.270		1.2586		-3.7999		-2.5413		0.4549
7.275		1.2548		-3.7954		-2.5406		0.4536
7.280		1.2487		-3.7884		-2.5397		0.4515
7.285		1.2414		-3.7803		-2.5388		0.4491
7.290		1.2339		-3.7719		-2.5380		0.4466
7.295		1.2261		-3.7635		-2.5374		0.4440
7.300		1.2173		-3.7542		-2.5370		0.4411
7.305		1.2065		-3.7431		-2.5367		0.4374
7.310		1.1931		-3.7294		-2.5363		0.4329
7.315		1.1774		-3.7132		-2.5358		0.4276
7.320		1.1605		-3.6956		-2.5350		0.4218
7.325		1.1446		-3.6785		-2.5339		0.4164
7.330		1.1319		-3.6643		-2.5324		0.4121
7.335		1.1242		-3.6550		-2.5309		0.4095
7.340		1.1223		-3.6517		-2.5293		0.4090
7.345		1.1264		-3.6543		-2.5280		0.4104
7.350		1.1355		-3.6622		-2.5268		0.4136
7.355		1.1485		-3.6743		-2.5258		0.4181
7.360		1.1643		-3.6893		-2.5250		0.4236
7.365		1.1816		-3.7059		-2.5244		0.4296
7.370		1.1991		-3.7230		-2.5239		0.4356
7.375		1.2158		-3.7394		-2.5236		0.4413
7.380		1.2306		-3.7541		-2.5235		0.4464
7.385		1.2428		-3.7663		-2.5234		0.4506
7.390		1.2524		-3.7757		-2.5233		0.4539
7.395		1.2597		-3.7829		-2.5231		0.4564
7.400		1.2656		-3.7884		-2.5229		0.4584
7.405		1.2711		-3.7935		-2.5225		0.4603
7.410		1.2772		-3.7992		-2.5220		0.4624
7.415		1.2844		-3.8060		-2.5216		0.4649
7.420		1.2928		-3.8141		-2.5212		0.4679
7.425		1.3018		-3.8228		-2.5210		0.4710
7.430		1.3107		-3.8316		-2.5209		0.4741
7.435		1.3186		-3.8394		-2.5208		0.4769
7.440		1.3248		-3.8456		-2.5208		0.4791
7.445		1.3288		-3.8497		-2.5209		0.4805
7.450		1.3303		-3.8512		-2.5210		0.4811
7.455		1.3289		-3.8499		-2.5210		0.4807
7.460		1.3246		-3.8457		-2.5211		0.4792
7.465		1.3175		-3.8387		-2.5212		0.4769
7.470		1.3081		-3.8292		-2.5212		0.4737
7.475		1.2970		-3.8181		-2.5211		0.4699
7.480		1.2851		-3.8060		-2.5209		0.4659
7.485		1.2732		-3.7939		-2.5207		0.4619
7.490		1.2620		-3.7825		-2.5204		0.4581
7.495		1.2520		-3.7722		-2.5202		0.4547
