# y(x) values
#  x		y_numerical		y_analytic
0.00000		-20.00000		-20.00000
0.00100		-19.75318		-19.75318
0.00200		-19.50720		-19.50720
0.00300		-19.26205		-19.26205
0.00400		-19.01773		-19.01773
0.00500		-18.77424		-18.77424
0.00600		-18.53157		-18.53157
0.00700		-18.28973		-18.28973
0.00800		-18.04869		-18.04869
0.00900		-17.80847		-17.80847
0.01000		-17.56906		-17.56906
0.01100		-17.33045		-17.33045
0.01200		-17.09265		-17.09265
0.01300		-16.85564		-16.85564
0.01400		-16.61942		-16.61943
0.01500		-16.38400		-16.38400
0.01600		-16.14936		-16.14936
0.01700		-15.91551		-15.91551
0.01800		-15.68243		-15.68244
0.01900		-15.45014		-15.45014
0.02000		-15.21861		-15.21861
0.02100		-14.98786		-14.98786
0.02200		-14.75787		-14.75787
0.02300		-14.52864		-14.52864
0.02400		-14.30017		-14.30018
0.02500		-14.07246		-14.07246
0.02600		-13.84550		-13.84550
0.02700		-13.61929		-13.61929
0.02800		-13.39382		-13.39383
0.02900		-13.16910		-13.16910
0.03000		-12.94511		-12.94512
0.03100		-12.72186		-12.72187
0.03200		-12.49935		-12.49935
0.03300		-12.27756		-12.27756
0.03400		-12.05649		-12.05650
0.03500		-11.83615		-11.83616
0.03600		-11.61653		-11.61653
0.03700		-11.39762		-11.39763
0.03800		-11.17943		-11.17943
0.03900		-10.96194		-10.96195
0.04000		-10.74516		-10.74517
0.04100		-10.52909		-10.52909
0.04200		-10.31371		-10.31371
0.04300		-10.09903		-10.09903
0.04400		-9.88504		-9.88505
0.04500		-9.67174		-9.67175
0.04600		-9.45913		-9.45914
0.04700		-9.24721		-9.24721
0.04800		-9.03596		-9.03596
0.04900		-8.82539		-8.82540
0.05000		-8.61550		-8.61550
0.05100		-8.40627		-8.40628
0.05200		-8.19772		-8.19773
0.05300		-7.98983		-7.98984
0.05400		-7.78260		-7.78261
0.05500		-7.57604		-7.57604
0.05600		-7.37012		-7.37013
0.05700		-7.16487		-7.16487
0.05800		-6.96026		-6.96026
0.05900		-6.75630		-6.75630
0.06000		-6.55298		-6.55299
0.06100		-6.35031		-6.35031
0.06200		-6.14827		-6.14828
0.06300		-5.94687		-5.94687
0.06400		-5.74610		-5.74611
0.06500		-5.54596		-5.54597
0.06600		-5.34645		-5.34645
0.06700		-5.14756		-5.14757
0.06800		-4.94929		-4.94930
0.06900		-4.75164		-4.75165
0.07000		-4.55461		-4.55462
0.07100		-4.35819		-4.35819
0.07200		-4.16237		-4.16238
0.07300		-3.96717		-3.96718
0.07400		-3.77257		-3.77258
0.07500		-3.57857		-3.57858
0.07600		-3.38517		-3.38517
0.07700		-3.19236		-3.19237
0.07800		-3.00015		-3.00016
0.07900		-2.80853		-2.80853
0.08000		-2.61749		-2.61750
0.08100		-2.42704		-2.42705
0.08200		-2.23717		-2.23718
0.08300		-2.04788		-2.04789
0.08400		-1.85917		-1.85918
0.08500		-1.67103		-1.67104
0.08600		-1.48347		-1.48348
0.08700		-1.29647		-1.29648
0.08800		-1.11004		-1.11004
0.08900		-0.92417		-0.92418
0.09000		-0.73886		-0.73887
0.09100		-0.55411		-0.55412
0.09200		-0.36992		-0.36992
0.09300		-0.18627		-0.18628
0.09400		-0.00318		-0.00319
0.09500		0.17936		0.17935
0.09600		0.36136		0.36135
0.09700		0.54281		0.54280
0.09800		0.72373		0.72372
0.09900		0.90411		0.90410
0.10000		1.08395		1.08394
0.10100		1.26326		1.26325
0.10200		1.44204		1.44203
0.10300		1.62029		1.62028
0.10400		1.79802		1.79801
0.10500		1.97522		1.97521
0.10600		2.15190		2.15190
0.10700		2.32807		2.32806
0.10800		2.50372		2.50371
0.10900		2.67886		2.67885
0.11000		2.85349		2.85348
0.11100		3.02761		3.02760
0.11200		3.20122		3.20121
0.11300		3.37433		3.37432
0.11400		3.54694		3.54693
0.11500		3.71905		3.71904
0.11600		3.89067		3.89066
0.11700		4.06179		4.06178
0.11800		4.23242		4.23241
0.11900		4.40256		4.40255
0.12000		4.57221		4.57220
0.12100		4.74138		4.74137
0.12200		4.91006		4.91005
0.12300		5.07827		5.07826
0.12400		5.24600		5.24599
0.12500		5.41325		5.41324
0.12600		5.58003		5.58002
0.12700		5.74634		5.74633
0.12800		5.91219		5.91218
0.12900		6.07756		6.07755
0.13000		6.24247		6.24246
0.13100		6.40692		6.40691
0.13200		6.57091		6.57090
0.13300		6.73444		6.73443
0.13400		6.89752		6.89751
0.13500		7.06014		7.06013
0.13600		7.22231		7.22230
0.13700		7.38403		7.38402
0.13800		7.54531		7.54530
0.13900		7.70614		7.70613
0.14000		7.86653		7.86652
0.14100		8.02648		8.02647
0.14200		8.18599		8.18598
0.14300		8.34507		8.34506
0.14400		8.50371		8.50370
0.14500		8.66192		8.66191
0.14600		8.81970		8.81969
0.14700		8.97706		8.97704
0.14800		9.13398		9.13397
0.14900		9.29049		9.29048
0.15000		9.44657		9.44656
0.15100		9.60223		9.60222
0.15200		9.75748		9.75747
0.15300		9.91231		9.91230
0.15400		10.06673		10.06671
0.15500		10.22073		10.22072
0.15600		10.37433		10.37432
0.15700		10.52752		10.52751
0.15800		10.68030		10.68029
0.15900		10.83268		10.83267
0.16000		10.98466		10.98465
0.16100		11.13624		11.13623
0.16200		11.28743		11.28742
0.16300		11.43822		11.43820
0.16400		11.58861		11.58860
0.16500		11.73861		11.73860
0.16600		11.88823		11.88822
0.16700		12.03745		12.03744
0.16800		12.18629		12.18628
0.16900		12.33475		12.33474
0.17000		12.48282		12.48281
0.17100		12.63052		12.63051
0.17200		12.77783		12.77782
0.17300		12.92477		12.92476
0.17400		13.07134		13.07133
0.17500		13.21753		13.21752
0.17600		13.36335		13.36334
0.17700		13.50881		13.50879
0.17800		13.65389		13.65388
0.17900		13.79861		13.79860
0.18000		13.94297		13.94296
0.18100		14.08697		14.08696
0.18200		14.23060		14.23059
0.18300		14.37388		14.37387
0.18400		14.51680		14.51679
0.18500		14.65937		14.65936
0.18600		14.80159		14.80158
0.18700		14.94345		14.94344
0.18800		15.08497		15.08496
0.18900		15.22614		15.22612
0.19000		15.36696		15.36695
0.19100		15.50744		15.50742
0.19200		15.64757		15.64756
0.19300		15.78737		15.78736
0.19400		15.92683		15.92682
0.19500		16.06595		16.06594
0.19600		16.20473		16.20472
0.19700		16.34319		16.34317
0.19800		16.48131		16.48130
0.19900		16.61910		16.61909
0.20000		16.75656		16.75655
0.20100		16.89370		16.89368
0.20200		17.03051		17.03049
0.20300		17.16699		17.16698
0.20400		17.30316		17.30315
0.20500		17.43900		17.43899
0.20600		17.57453		17.57452
0.20700		17.70974		17.70973
0.20800		17.84463		17.84462
0.20900		17.97922		17.97920
0.21000		18.11348		18.11347
0.21100		18.24744		18.24743
0.21200		18.38109		18.38108
0.21300		18.51444		18.51443
0.21400		18.64748		18.64746
0.21500		18.78021		18.78020
0.21600		18.91264		18.91263
0.21700		19.04477		19.04476
0.21800		19.17660		19.17659
0.21900		19.30814		19.30812
0.22000		19.43937		19.43936
0.22100		19.57032		19.57031
0.22200		19.70097		19.70096
0.22300		19.83133		19.83131
0.22400		19.96140		19.96138
0.22500		20.09118		20.09116
0.22600		20.22067		20.22066
0.22700		20.34988		20.34987
0.22800		20.47880		20.47879
0.22900		20.60744		20.60743
0.23000		20.73581		20.73579
0.23100		20.86389		20.86387
0.23200		20.99169		20.99168
0.23300		21.11922		21.11921
0.23400		21.24647		21.24646
0.23500		21.37345		21.37344
0.23600		21.50016		21.50014
0.23700		21.62659		21.62658
0.23800		21.75276		21.75275
0.23900		21.87866		21.87865
0.24000		22.00429		22.00428
0.24100		22.12966		22.12965
0.24200		22.25477		22.25476
0.24300		22.37961		22.37960
0.24400		22.50419		22.50418
0.24500		22.62852		22.62850
0.24600		22.75258		22.75257
0.24700		22.87639		22.87638
0.24800		22.99995		22.99993
0.24900		23.12325		23.12324
0.25000		23.24630		23.24628
0.25100		23.36910		23.36908
0.25200		23.49164		23.49163
0.25300		23.61394		23.61393
0.25400		23.73600		23.73599
0.25500		23.85781		23.85779
0.25600		23.97937		23.97936
0.25700		24.10069		24.10068
0.25800		24.22177		24.22176
0.25900		24.34262		24.34260
0.26000		24.46322		24.46321
0.26100		24.58358		24.58357
0.26200		24.70371		24.70370
0.26300		24.82361		24.82359
0.26400		24.94327		24.94325
0.26500		25.06269		25.06268
0.26600		25.18189		25.18188
0.26700		25.30086		25.30085
0.26800		25.41960		25.41959
0.26900		25.53811		25.53810
0.27000		25.65640		25.65639
0.27100		25.77447		25.77445
0.27200		25.89231		25.89229
0.27300		26.00992		26.00991
0.27400		26.12732		26.12731
0.27500		26.24450		26.24449
0.27600		26.36146		26.36145
0.27700		26.47821		26.47819
0.27800		26.59473		26.59472
0.27900		26.71105		26.71103
0.28000		26.82715		26.82714
0.28100		26.94304		26.94302
0.28200		27.05871		27.05870
0.28300		27.17418		27.17417
0.28400		27.28944		27.28943
0.28500		27.40450		27.40448
0.28600		27.51934		27.51933
0.28700		27.63399		27.63397
0.28800		27.74843		27.74841
0.28900		27.86266		27.86265
0.29000		27.97670		27.97669
0.29100		28.09054		28.09052
0.29200		28.20417		28.20416
0.29300		28.31761		28.31760
0.29400		28.43086		28.43084
0.29500		28.54391		28.54389
0.29600		28.65676		28.65675
0.29700		28.76942		28.76941
0.29800		28.88189		28.88188
0.29900		28.99417		28.99416
0.30000		29.10626		29.10625
0.30100		29.21816		29.21815
0.30200		29.32987		29.32986
0.30300		29.44140		29.44139
0.30400		29.55274		29.55273
0.30500		29.66390		29.66389
0.30600		29.77488		29.77487
0.30700		29.88567		29.88566
0.30800		29.99629		29.99628
0.30900		30.10672		30.10671
0.31000		30.21698		30.21697
0.31100		30.32706		30.32705
0.31200		30.43696		30.43695
0.31300		30.54669		30.54668
0.31400		30.65624		30.65623
0.31500		30.76562		30.76561
0.31600		30.87483		30.87482
0.31700		30.98387		30.98386
0.31800		31.09274		31.09273
0.31900		31.20144		31.20143
0.32000		31.30997		31.30996
0.32100		31.41834		31.41832
0.32200		31.52654		31.52652
0.32300		31.63457		31.63456
0.32400		31.74245		31.74243
0.32500		31.85015		31.85014
0.32600		31.95770		31.95769
0.32700		32.06509		32.06508
0.32800		32.17232		32.17231
0.32900		32.27939		32.27938
0.33000		32.38630		32.38629
0.33100		32.49306		32.49305
0.33200		32.59966		32.59965
0.33300		32.70611		32.70610
0.33400		32.81240		32.81239
0.33500		32.91855		32.91853
0.33600		33.02454		33.02453
0.33700		33.13038		33.13037
0.33800		33.23607		33.23606
0.33900		33.34161		33.34160
0.34000		33.44701		33.44700
0.34100		33.55226		33.55224
0.34200		33.65736		33.65735
0.34300		33.76232		33.76231
0.34400		33.86714		33.86712
0.34500		33.97181		33.97180
0.34600		34.07634		34.07633
0.34700		34.18073		34.18072
0.34800		34.28498		34.28497
0.34900		34.38910		34.38909
0.35000		34.49307		34.49306
0.35100		34.59691		34.59690
0.35200		34.70061		34.70060
0.35300		34.80418		34.80417
0.35400		34.90762		34.90760
0.35500		35.01092		35.01090
0.35600		35.11408		35.11407
0.35700		35.21712		35.21711
0.35800		35.32003		35.32002
0.35900		35.42281		35.42279
0.36000		35.52545		35.52544
0.36100		35.62798		35.62796
0.36200		35.73037		35.73036
0.36300		35.83264		35.83263
0.36400		35.93478		35.93477
0.36500		36.03680		36.03679
0.36600		36.13870		36.13869
0.36700		36.24047		36.24046
0.36800		36.34213		36.34212
0.36900		36.44366		36.44365
0.37000		36.54507		36.54506
0.37100		36.64637		36.64636
0.37200		36.74754		36.74753
0.37300		36.84860		36.84859
0.37400		36.94955		36.94953
0.37500		37.05037		37.05036
0.37600		37.15109		37.15108
0.37700		37.25169		37.25168
0.37800		37.35217		37.35216
0.37900		37.45255		37.45254
0.38000		37.55281		37.55280
0.38100		37.65297		37.65296
0.38200		37.75301		37.75300
0.38300		37.85295		37.85294
0.38400		37.95278		37.95277
0.38500		38.05250		38.05249
0.38600		38.15211		38.15210
0.38700		38.25162		38.25161
0.38800		38.35103		38.35102
0.38900		38.45033		38.45032
0.39000		38.54953		38.54952
0.39100		38.64863		38.64862
0.39200		38.74763		38.74761
0.39300		38.84652		38.84651
0.39400		38.94532		38.94531
0.39500		39.04402		39.04400
0.39600		39.14262		39.14260
0.39700		39.24112		39.24111
0.39800		39.33952		39.33951
0.39900		39.43784		39.43782
0.40000		39.53605		39.53604
0.40100		39.63417		39.63416
0.40200		39.73220		39.73219
0.40300		39.83014		39.83013
0.40400		39.92798		39.92797
0.40500		40.02574		40.02572
0.40600		40.12340		40.12339
0.40700		40.22097		40.22096
0.40800		40.31846		40.31845
0.40900		40.41585		40.41584
0.41000		40.51317		40.51315
0.41100		40.61039		40.61038
0.41200		40.70753		40.70752
0.41300		40.80458		40.80457
0.41400		40.90155		40.90154
0.41500		40.99844		40.99842
0.41600		41.09524		41.09523
0.41700		41.19196		41.19195
0.41800		41.28860		41.28859
0.41900		41.38516		41.38515
0.42000		41.48164		41.48163
0.42100		41.57804		41.57803
0.42200		41.67436		41.67435
0.42300		41.77061		41.77060
0.42400		41.86678		41.86677
0.42500		41.96287		41.96286
0.42600		42.05889		42.05888
0.42700		42.15483		42.15482
0.42800		42.25070		42.25069
0.42900		42.34649		42.34648
0.43000		42.44222		42.44220
0.43100		42.53787		42.53786
0.43200		42.63345		42.63344
0.43300		42.72896		42.72894
0.43400		42.82440		42.82438
0.43500		42.91977		42.91975
0.43600		43.01507		43.01506
0.43700		43.11030		43.11029
0.43800		43.20547		43.20546
0.43900		43.30057		43.30056
0.44000		43.39561		43.39559
0.44100		43.49058		43.49057
0.44200		43.58548		43.58547
0.44300		43.68033		43.68031
0.44400		43.77511		43.77509
0.44500		43.86982		43.86981
0.44600		43.96448		43.96447
0.44700		44.05907		44.05906
0.44800		44.15361		44.15360
0.44900		44.24808		44.24807
0.45000		44.34250		44.34249
0.45100		44.43686		44.43685
0.45200		44.53116		44.53115
0.45300		44.62540		44.62539
0.45400		44.71959		44.71958
0.45500		44.81372		44.81371
0.45600		44.90779		44.90778
0.45700		45.00182		45.00180
0.45800		45.09578		45.09577
0.45900		45.18970		45.18969
0.46000		45.28356		45.28355
0.46100		45.37737		45.37736
0.46200		45.47113		45.47112
0.46300		45.56484		45.56483
0.46400		45.65850		45.65849
0.46500		45.75211		45.75209
0.46600		45.84567		45.84566
0.46700		45.93918		45.93917
0.46800		46.03264		46.03263
0.46900		46.12606		46.12605
0.47000		46.21943		46.21942
0.47100		46.31276		46.31275
0.47200		46.40604		46.40603
0.47300		46.49928		46.49927
0.47400		46.59247		46.59246
0.47500		46.68562		46.68561
0.47600		46.77872		46.77871
0.47700		46.87179		46.87178
0.47800		46.96481		46.96480
0.47900		47.05779		47.05778
0.48000		47.15074		47.15073
0.48100		47.24364		47.24363
0.48200		47.33650		47.33649
0.48300		47.42933		47.42932
0.48400		47.52212		47.52210
0.48500		47.61487		47.61485
0.48600		47.70758		47.70757
0.48700		47.80026		47.80024
0.48800		47.89290		47.89289
0.48900		47.98550		47.98549
0.49000		48.07807		48.07806
0.49100		48.17061		48.17060
0.49200		48.26312		48.26311
0.49300		48.35559		48.35558
0.49400		48.44803		48.44802
0.49500		48.54044		48.54043
0.49600		48.63282		48.63281
0.49700		48.72516		48.72515
0.49800		48.81748		48.81747
0.49900		48.90977		48.90976
0.50000		49.00203		49.00202
0.50100		49.09426		49.09425
0.50200		49.18646		49.18645
0.50300		49.27864		49.27863
0.50400		49.37079		49.37078
0.50500		49.46291		49.46290
0.50600		49.55501		49.55500
0.50700		49.64708		49.64707
0.50800		49.73913		49.73912
0.50900		49.83115		49.83114
0.51000		49.92315		49.92314
0.51100		50.01513		50.01512
0.51200		50.10709		50.10708
0.51300		50.19902		50.19901
0.51400		50.29094		50.29093
0.51500		50.38283		50.38282
0.51600		50.47470		50.47469
0.51700		50.56656		50.56655
0.51800		50.65839		50.65838
0.51900		50.75020		50.75019
0.52000		50.84200		50.84199
0.52100		50.93378		50.93377
0.52200		51.02554		51.02553
0.52300		51.11729		51.11728
0.52400		51.20902		51.20901
0.52500		51.30074		51.30073
0.52600		51.39244		51.39243
0.52700		51.48412		51.48411
0.52800		51.57579		51.57578
0.52900		51.66745		51.66744
0.53000		51.75910		51.75909
0.53100		51.85073		51.85072
0.53200		51.94235		51.94234
0.53300		52.03396		52.03395
0.53400		52.12556		52.12555
0.53500		52.21715		52.21714
0.53600		52.30873		52.30872
0.53700		52.40029		52.40029
0.53800		52.49185		52.49185
0.53900		52.58341		52.58340
0.54000		52.67495		52.67494
0.54100		52.76649		52.76648
0.54200		52.85801		52.85801
0.54300		52.94954		52.94953
0.54400		53.04105		53.04104
0.54500		53.13257		53.13256
0.54600		53.22407		53.22406
0.54700		53.31557		53.31556
0.54800		53.40707		53.40706
0.54900		53.49856		53.49855
0.55000		53.59005		53.59005
0.55100		53.68154		53.68153
0.55200		53.77303		53.77302
0.55300		53.86451		53.86450
0.55400		53.95600		53.95599
0.55500		54.04748		54.04747
0.55600		54.13896		54.13895
0.55700		54.23044		54.23043
0.55800		54.32192		54.32191
0.55900		54.41341		54.41340
0.56000		54.50489		54.50488
0.56100		54.59638		54.59637
0.56200		54.68787		54.68786
0.56300		54.77936		54.77935
0.56400		54.87086		54.87085
0.56500		54.96236		54.96235
0.56600		55.05386		55.05385
0.56700		55.14537		55.14536
0.56800		55.23688		55.23687
0.56900		55.32840		55.32839
0.57000		55.41993		55.41992
0.57100		55.51146		55.51145
0.57200		55.60300		55.60299
0.57300		55.69454		55.69453
0.57400		55.78610		55.78609
0.57500		55.87766		55.87765
0.57600		55.96923		55.96922
0.57700		56.06081		56.06080
0.57800		56.15240		56.15239
0.57900		56.24400		56.24399
0.58000		56.33561		56.33560
0.58100		56.42723		56.42722
0.58200		56.51886		56.51885
0.58300		56.61051		56.61050
0.58400		56.70216		56.70215
0.58500		56.79383		56.79382
0.58600		56.88551		56.88551
0.58700		56.97721		56.97720
0.58800		57.06892		57.06891
0.58900		57.16064		57.16063
0.59000		57.25238		57.25237
0.59100		57.34413		57.34413
0.59200		57.43590		57.43590
0.59300		57.52769		57.52768
0.59400		57.61949		57.61948
0.59500		57.71131		57.71130
0.59600		57.80314		57.80314
0.59700		57.89500		57.89499
0.59800		57.98687		57.98686
0.59900		58.07876		58.07875
0.60000		58.17067		58.17066
0.60100		58.26260		58.26259
0.60200		58.35454		58.35453
0.60300		58.44651		58.44650
0.60400		58.53850		58.53849
0.60500		58.63051		58.63050
0.60600		58.72254		58.72253
0.60700		58.81459		58.81458
0.60800		58.90667		58.90666
0.60900		58.99876		58.99875
0.61000		59.09088		59.09087
0.61100		59.18303		59.18302
0.61200		59.27519		59.27518
0.61300		59.36738		59.36738
0.61400		59.45960		59.45959
0.61500		59.55184		59.55183
0.61600		59.64411		59.64410
0.61700		59.73640		59.73639
0.61800		59.82871		59.82871
0.61900		59.92106		59.92105
0.62000		60.01343		60.01342
0.62100		60.10583		60.10582
0.62200		60.19825		60.19825
0.62300		60.29071		60.29070
0.62400		60.38319		60.38318
0.62500		60.47570		60.47569
0.62600		60.56824		60.56823
0.62700		60.66081		60.66080
0.62800		60.75341		60.75340
0.62900		60.84604		60.84603
0.63000		60.93870		60.93869
0.63100		61.03139		61.03139
0.63200		61.12412		61.12411
0.63300		61.21687		61.21686
0.63400		61.30966		61.30965
0.63500		61.40248		61.40247
0.63600		61.49533		61.49532
0.63700		61.58822		61.58821
0.63800		61.68114		61.68113
0.63900		61.77409		61.77408
0.64000		61.86708		61.86707
0.64100		61.96010		61.96010
0.64200		62.05316		62.05315
0.64300		62.14626		62.14625
0.64400		62.23938		62.23938
0.64500		62.33255		62.33254
0.64600		62.42575		62.42575
0.64700		62.51899		62.51899
0.64800		62.61227		62.61226
0.64900		62.70558		62.70558
0.65000		62.79894		62.79893
0.65100		62.89233		62.89232
0.65200		62.98576		62.98575
0.65300		63.07923		63.07922
0.65400		63.17274		63.17273
0.65500		63.26628		63.26628
0.65600		63.35987		63.35987
0.65700		63.45350		63.45349
0.65800		63.54717		63.54717
0.65900		63.64088		63.64088
0.66000		63.73464		63.73463
0.66100		63.82843		63.82842
0.66200		63.92227		63.92226
0.66300		64.01615		64.01614
0.66400		64.11007		64.11006
0.66500		64.20404		64.20403
0.66600		64.29805		64.29804
0.66700		64.39210		64.39210
0.66800		64.48620		64.48619
0.66900		64.58034		64.58034
0.67000		64.67453		64.67453
0.67100		64.76877		64.76876
0.67200		64.86305		64.86304
0.67300		64.95737		64.95736
0.67400		65.05174		65.05174
0.67500		65.14616		65.14616
0.67600		65.24063		65.24062
0.67700		65.33514		65.33514
0.67800		65.42970		65.42970
0.67900		65.52431		65.52431
0.68000		65.61897		65.61896
0.68100		65.71368		65.71367
0.68200		65.80843		65.80843
0.68300		65.90324		65.90323
0.68400		65.99809		65.99809
0.68500		66.09300		66.09299
0.68600		66.18796		66.18795
0.68700		66.28296		66.28296
0.68800		66.37802		66.37801
0.68900		66.47313		66.47312
0.69000		66.56829		66.56828
0.69100		66.66350		66.66350
0.69200		66.75877		66.75876
0.69300		66.85409		66.85408
0.69400		66.94946		66.94945
0.69500		67.04488		67.04488
0.69600		67.14036		67.14035
0.69700		67.23589		67.23589
0.69800		67.33148		67.33147
0.69900		67.42712		67.42712
0.70000		67.52282		67.52281
0.70100		67.61857		67.61856
0.70200		67.71438		67.71437
0.70300		67.81024		67.81024
0.70400		67.90616		67.90616
0.70500		68.00214		68.00213
0.70600		68.09817		68.09817
0.70700		68.19426		68.19426
0.70800		68.29041		68.29040
0.70900		68.38662		68.38661
0.71000		68.48288		68.48287
0.71100		68.57920		68.57920
0.71200		68.67559		68.67558
0.71300		68.77203		68.77202
0.71400		68.86853		68.86852
0.71500		68.96509		68.96508
0.71600		69.06171		69.06170
0.71700		69.15839		69.15838
0.71800		69.25513		69.25512
0.71900		69.35193		69.35192
0.72000		69.44879		69.44879
0.72100		69.54572		69.54571
0.72200		69.64271		69.64270
0.72300		69.73975		69.73975
0.72400		69.83687		69.83686
0.72500		69.93404		69.93403
0.72600		70.03128		70.03127
0.72700		70.12858		70.12857
0.72800		70.22594		70.22594
0.72900		70.32337		70.32337
0.73000		70.42087		70.42086
0.73100		70.51842		70.51842
0.73200		70.61605		70.61604
0.73300		70.71373		70.71373
0.73400		70.81149		70.81148
0.73500		70.90931		70.90930
0.73600		71.00719		71.00719
0.73700		71.10514		71.10514
0.73800		71.20316		71.20316
0.73900		71.30125		71.30124
0.74000		71.39940		71.39939
0.74100		71.49762		71.49762
0.74200		71.59591		71.59590
0.74300		71.69427		71.69426
0.74400		71.79269		71.79269
0.74500		71.89119		71.89118
0.74600		71.98975		71.98974
0.74700		72.08838		72.08838
0.74800		72.18708		72.18708
0.74900		72.28585		72.28585
0.75000		72.38470		72.38469
0.75100		72.48361		72.48360
0.75200		72.58259		72.58259
0.75300		72.68165		72.68164
0.75400		72.78077		72.78077
0.75500		72.87997		72.87997
0.75600		72.97924		72.97924
0.75700		73.07858		73.07858
0.75800		73.17800		73.17799
0.75900		73.27749		73.27748
0.76000		73.37705		73.37704
0.76100		73.47668		73.47668
0.76200		73.57639		73.57638
0.76300		73.67617		73.67617
0.76400		73.77603		73.77602
0.76500		73.87596		73.87595
0.76600		73.97596		73.97596
0.76700		74.07604		74.07604
0.76800		74.17620		74.17619
0.76900		74.27643		74.27643
0.77000		74.37674		74.37673
0.77100		74.47712		74.47712
0.77200		74.57758		74.57758
0.77300		74.67812		74.67811
0.77400		74.77873		74.77873
0.77500		74.87943		74.87942
0.77600		74.98019		74.98019
0.77700		75.08104		75.08104
0.77800		75.18197		75.18196
0.77900		75.28297		75.28297
0.78000		75.38405		75.38405
0.78100		75.48521		75.48521
0.78200		75.58646		75.58645
0.78300		75.68778		75.68777
0.78400		75.78918		75.78917
0.78500		75.89066		75.89065
0.78600		75.99222		75.99221
0.78700		76.09386		76.09385
0.78800		76.19558		76.19558
0.78900		76.29738		76.29738
0.79000		76.39927		76.39926
0.79100		76.50124		76.50123
0.79200		76.60328		76.60328
0.79300		76.70541		76.70541
0.79400		76.80763		76.80762
0.79500		76.90992		76.90992
0.79600		77.01230		77.01230
0.79700		77.11477		77.11476
0.79800		77.21731		77.21731
0.79900		77.31994		77.31994
0.80000		77.42266		77.42265
0.80100		77.52546		77.52545
0.80200		77.62834		77.62834
0.80300		77.73131		77.73131
0.80400		77.83436		77.83436
0.80500		77.93750		77.93750
0.80600		78.04073		78.04072
0.80700		78.14404		78.14404
0.80800		78.24744		78.24743
0.80900		78.35092		78.35092
0.81000		78.45449		78.45449
0.81100		78.55815		78.55815
0.81200		78.66190		78.66189
0.81300		78.76573		78.76572
0.81400		78.86965		78.86965
0.81500		78.97366		78.97365
0.81600		79.07776		79.07775
0.81700		79.18194		79.18194
0.81800		79.28622		79.28621
0.81900		79.39058		79.39058
0.82000		79.49504		79.49503
0.82100		79.59958		79.59958
0.82200		79.70421		79.70421
0.82300		79.80894		79.80893
0.82400		79.91375		79.91375
0.82500		80.01866		80.01865
0.82600		80.12365		80.12365
0.82700		80.22874		80.22874
0.82800		80.33392		80.33391
0.82900		80.43919		80.43918
0.83000		80.54455		80.54455
0.83100		80.65001		80.65000
0.83200		80.75555		80.75555
0.83300		80.86119		80.86119
0.83400		80.96693		80.96692
0.83500		81.07275		81.07275
0.83600		81.17867		81.17867
0.83700		81.28469		81.28468
0.83800		81.39080		81.39079
0.83900		81.49700		81.49700
0.84000		81.60330		81.60329
0.84100		81.70969		81.70969
0.84200		81.81618		81.81617
0.84300		81.92276		81.92276
0.84400		82.02944		82.02943
0.84500		82.13621		82.13621
0.84600		82.24308		82.24308
0.84700		82.35005		82.35004
0.84800		82.45711		82.45711
0.84900		82.56427		82.56427
0.85000		82.67153		82.67153
0.85100		82.77888		82.77888
0.85200		82.88634		82.88633
0.85300		82.99389		82.99388
0.85400		83.10153		83.10153
0.85500		83.20928		83.20928
0.85600		83.31713		83.31712
0.85700		83.42507		83.42507
0.85800		83.53311		83.53311
0.85900		83.64126		83.64125
0.86000		83.74950		83.74950
0.86100		83.85784		83.85784
0.86200		83.96628		83.96628
0.86300		84.07483		84.07482
0.86400		84.18347		84.18347
0.86500		84.29221		84.29221
0.86600		84.40106		84.40106
0.86700		84.51001		84.51000
0.86800		84.61906		84.61905
0.86900		84.72821		84.72820
0.87000		84.83746		84.83746
0.87100		84.94681		84.94681
0.87200		85.05627		85.05627
0.87300		85.16583		85.16583
0.87400		85.27549		85.27549
0.87500		85.38526		85.38526
0.87600		85.49513		85.49513
0.87700		85.60511		85.60510
0.87800		85.71518		85.71518
0.87900		85.82537		85.82536
0.88000		85.93565		85.93565
0.88100		86.04605		86.04604
0.88200		86.15654		86.15654
0.88300		86.26715		86.26714
0.88400		86.37785		86.37785
0.88500		86.48867		86.48866
0.88600		86.59959		86.59958
0.88700		86.71061		86.71061
0.88800		86.82175		86.82174
0.88900		86.93298		86.93298
0.89000		87.04433		87.04433
0.89100		87.15578		87.15578
0.89200		87.26735		87.26734
0.89300		87.37901		87.37901
0.89400		87.49079		87.49079
0.89500		87.60268		87.60267
0.89600		87.71467		87.71467
0.89700		87.82677		87.82677
0.89800		87.93898		87.93898
0.89900		88.05130		88.05130
0.90000		88.16373		88.16373
0.90100		88.27627		88.27627
0.90200		88.38892		88.38892
0.90300		88.50168		88.50168
0.90400		88.61455		88.61455
0.90500		88.72753		88.72753
0.90600		88.84062		88.84062
0.90700		88.95383		88.95382
0.90800		89.06714		89.06714
0.90900		89.18057		89.18056
0.91000		89.29410		89.29410
0.91100		89.40775		89.40775
0.91200		89.52151		89.52151
0.91300		89.63539		89.63539
0.91400		89.74937		89.74937
0.91500		89.86347		89.86347
0.91600		89.97769		89.97769
0.91700		90.09201		90.09201
0.91800		90.20645		90.20645
0.91900		90.32101		90.32101
0.92000		90.43568		90.43568
0.92100		90.55046		90.55046
0.92200		90.66536		90.66536
0.92300		90.78037		90.78037
0.92400		90.89550		90.89550
0.92500		91.01074		91.01074
0.92600		91.12610		91.12610
0.92700		91.24157		91.24157
0.92800		91.35717		91.35716
0.92900		91.47287		91.47287
0.93000		91.58870		91.58869
0.93100		91.70464		91.70463
0.93200		91.82069		91.82069
0.93300		91.93687		91.93687
0.93400		92.05316		92.05316
0.93500		92.16957		92.16957
0.93600		92.28610		92.28610
0.93700		92.40275		92.40274
0.93800		92.51951		92.51951
0.93900		92.63639		92.63639
0.94000		92.75340		92.75339
0.94100		92.87052		92.87052
0.94200		92.98776		92.98776
0.94300		93.10512		93.10512
0.94400		93.22260		93.22260
0.94500		93.34020		93.34020
0.94600		93.45792		93.45792
0.94700		93.57576		93.57576
0.94800		93.69372		93.69372
0.94900		93.81181		93.81181
0.95000		93.93001		93.93001
0.95100		94.04834		94.04834
0.95200		94.16678		94.16678
0.95300		94.28535		94.28535
0.95400		94.40405		94.40404
0.95500		94.52286		94.52286
0.95600		94.64180		94.64180
0.95700		94.76086		94.76086
0.95800		94.88004		94.88004
0.95900		94.99935		94.99935
0.96000		95.11878		95.11878
0.96100		95.23833		95.23833
0.96200		95.35801		95.35801
0.96300		95.47781		95.47781
0.96400		95.59774		95.59774
0.96500		95.71779		95.71779
0.96600		95.83797		95.83796
0.96700		95.95827		95.95827
0.96800		96.07869		96.07869
0.96900		96.19925		96.19925
0.97000		96.31993		96.31993
0.97100		96.44073		96.44073
0.97200		96.56166		96.56166
0.97300		96.68272		96.68272
0.97400		96.80391		96.80390
0.97500		96.92522		96.92522
0.97600		97.04666		97.04666
0.97700		97.16822		97.16822
0.97800		97.28992		97.28992
0.97900		97.41174		97.41174
0.98000		97.53369		97.53369
0.98100		97.65577		97.65577
0.98200		97.77798		97.77798
0.98300		97.90032		97.90032
0.98400		98.02278		98.02278
0.98500		98.14538		98.14538
0.98600		98.26810		98.26810
0.98700		98.39096		98.39096
0.98800		98.51394		98.51394
0.98900		98.63706		98.63706
0.99000		98.76031		98.76031
0.99100		98.88368		98.88368
0.99200		99.00719		99.00719
0.99300		99.13083		99.13083
0.99400		99.25460		99.25460
0.99500		99.37850		99.37850
0.99600		99.50254		99.50254
0.99700		99.62670		99.62670
0.99800		99.75100		99.75100
0.99900		99.87544		99.87544
1.00000		100.00000		100.00000
